1	48144809845	179.53
1	48680179665	243.92
1	33188369384	31.35
1	48252625796	233.46
1	394287538979	119.24
1	444576116781	100.96
1	48550975145	243.18
1	442569750012	124.19
1	446808352482	117.21
1	49494986977	89.35
1	48303188650	139.65
1	48407433405	196.43
1	33566183542	28.18
1	444276783022	120.41
1	443585812263	83.32
1	48398299290	228.71
1	48257867987	189.46
1	49392119460	82.34
1	48338367529	157.28
1	49324936834	94.95
1	394217590269	97.15
1	33420921917	29.23
1	49569872337	83.87
1	445118862886	107.55
1	49343179689	90.30
1	49394709216	82.55
1	49465474417	85.82
1	49198327354	88.37
1	48154617423	204.05
1	48284796097	143.57
1	33140263125	28.43
1	48562502301	169.31
1	392176018488	147.99
1	48123333499	180.98
1	48563318216	165.74
1	49695131412	81.50
1	33287198022	28.94
1	48368870150	180.55
1	48340432515	219.81
1	391596488486	120.84
1	443376993117	129.61
1	441511863475	128.12
1	49559215068	85.19
1	48299810692	223.57
1	48519137749	212.01
1	395297141545	118.09
1	396451680122	124.31
1	49541610247	84.75
1	396612962432	88.99
1	33496578897	30.89
1	442192429954	117.34
1	48671019376	207.90
1	48393619258	212.24
1	442507306343	104.44
1	392537300682	139.20
1	49188259866	90.70
1	33454412388	31.33
1	442151753440	106.43
1	444121631457	116.38
1	48591161464	205.93
1	443145996734	102.57
1	48276810875	202.48
1	48308155792	189.02
1	48264727528	175.15
1	49235523378	89.30
1	444170363273	110.32
1	33443842157	28.55
1	444781235218	103.37
1	49397226316	76.10
1	48669492705	191.52
1	442012269204	110.17
1	48340990526	201.18
1	48638046398	248.58
1	441621420296	99.22
1	48330918778	214.98
1	49432385838	89.03
1	33628670641	30.55
1	48589101457	254.34
1	49638686875	82.99
1	441999119313	120.90
1	33696602767	29.29
1	33485733622	29.95
1	33613987452	31.08
1	443964889526	107.16
1	444072791973	119.07
1	443078622743	105.30
1	442090107913	96.57
1	442943690557	96.53
1	442858217923	102.98
1	49547245367	94.60
1	48640162399	214.02
1	446613627160	109.86
1	48503226349	205.28
1	33254268676	30.40
1	445247234627	108.76
1	33206282183	28.59
1	48659005355	185.34
1	48604226565	200.34
1	48285769726	240.66
1	445186812106	106.21
1	445879851524	97.40
1	33382528526	28.50
1	393144982844	140.24
1	48286818732	239.62
1	442361898111	127.32
1	33528411043	30.67
1	33364648007	30.04
1	395686969220	116.38
1	48307884493	194.07
1	48368866922	266.35
1	48292204689	188.42
1	48490418368	230.82
1	49483573955	88.27
1	446464806746	102.56
1	444676755563	94.93
1	444045665515	114.79
1	49577927642	81.66
1	445364596576	125.22
1	33544538594	28.54
1	444513355683	111.15
1	442394575997	82.46
1	396104195967	116.15
1	48400539276	210.79
1	49631219534	86.50
1	48359512641	236.43
1	391409500147	128.47
2	445923244147	121.46
2	443520107143	70.13
2	48453546579	181.40
2	48177322523	221.14
2	33523582795	30.34
2	48579808850	232.30
2	444151558337	98.14
2	48261226568	177.64
2	33267113985	28.78
2	48420058899	206.22
2	394229835377	109.42
2	48409860286	193.97
2	444296104803	107.24
2	442484344473	98.43
2	48541755607	209.70
2	49697497338	87.39
2	443299187863	128.00
2	49297671806	94.32
2	49594206258	79.95
2	442111540220	83.30
2	48589335203	251.87
2	33647223373	30.43
2	48430661879	202.67
2	48622719504	213.15
2	441834381528	117.42
2	48649967698	189.96
2	48549994663	224.20
2	49682841558	81.57
2	48617807816	217.72
2	48301929975	180.28
2	49477513908	74.53
2	48544465644	199.57
2	49670028176	84.14
2	49121686826	80.88
2	48333505772	193.89
2	442681604624	125.32
2	396968403840	129.41
2	444597768539	118.58
2	443209809680	105.99
2	395856348995	149.56
2	48295883563	168.96
2	446131432275	131.07
2	446322391181	100.85
2	391668254171	121.73
2	395099909337	93.71
2	444023769699	94.88
2	49225911661	93.56
2	33484978606	30.03
2	49204519126	83.46
2	33462697372	30.07
2	48209766493	192.83
2	444288281107	106.16
2	441690712613	99.11
2	48326492248	198.68
2	48210228108	167.63
2	48285765679	206.71
2	48524028698	130.57
2	443621858848	112.49
2	48429566198	230.61
2	33308702565	29.19
2	48691495874	225.20
2	445614455692	125.66
2	49627638948	84.64
2	445855026146	98.13
2	48427450725	227.43
2	49593895107	80.25
2	441149185799	91.56
2	444889352806	112.30
2	48424869156	224.07
2	442846452594	110.71
2	443331538160	108.01
2	443878180790	108.98
2	33161014865	31.75
2	49162365074	84.36
2	396766276851	109.60
2	48379295865	211.34
2	49132916804	82.86
2	441732247102	92.94
2	48403336951	196.92
2	49604913379	92.06
2	49617667830	85.78
2	49397823657	95.27
2	48589436395	239.09
2	445305211323	108.63
2	48400421829	233.16
2	48151845185	231.35
2	48376381380	183.05
2	441782827254	113.71
2	49384090255	96.01
2	49197270725	84.03
2	49381521379	85.81
2	445423879963	125.97
2	441317137008	130.33
2	394673267209	121.08
2	33501541457	28.48
2	48537839193	206.12
2	444702870934	118.25
2	48495058218	198.60
2	396965881846	123.55
2	48368040991	255.60
2	48240583007	186.43
2	48514723807	241.87
2	443871327932	127.69
2	445788465598	104.44
2	444436223842	118.75
2	441509534176	106.36
2	33600660735	30.37
2	445979848692	109.50
2	33416546165	31.59
2	444538246026	99.53
2	33694716126	30.02
2	48445488869	215.41
2	392035756186	107.76
2	442503442238	106.61
2	33286934368	28.23
2	395968922138	145.22
2	443499331086	75.20
2	49588060153	95.24
2	48575868273	164.63
2	446534753109	99.38
2	33188423118	29.69
2	444213123109	95.88
2	48512239026	225.35
2	48617642098	241.18
2	442166177499	109.17
2	49409521562	87.04
2	444566925178	98.31
2	48202828456	155.18
2	446954756298	106.28
2	48402449328	168.08
2	446292702095	100.71
2	48364853568	238.45
2	48663667191	166.06
2	48441868461	203.30
2	395673965570	110.31
2	49432540947	86.42
2	48194746291	218.89
2	48691286726	221.39
2	49528039676	80.38
2	391320927917	125.39
2	49627777195	78.67
2	48554117192	156.97
2	48442852899	156.50
2	394028830122	114.73
2	48444710859	200.43
2	48178054081	148.52
2	48462412473	285.00
2	48485980527	186.23
2	48153865352	280.38
2	48226741314	184.73
2	48578545461	218.36
2	444044504108	125.49
2	33246613426	28.06
2	442905916018	128.40
2	49145737146	75.28
2	48613099834	218.61
2	49216988576	85.25
2	445304887929	129.93
2	48655679083	230.70
2	48426710649	181.14
2	48663403207	252.29
2	441961630032	124.26
2	443585011187	120.75
2	446022828179	119.42
2	33277971997	29.64
2	49147957898	79.42
2	49434637555	78.38
2	391274782804	130.54
2	49117506867	85.29
3	443218751838	100.67
3	33269187844	30.34
3	442000849286	106.66
3	392809389105	133.43
3	48212208898	164.20
3	48448960161	167.79
3	48297922344	168.31
3	445134027394	96.64
3	33118764164	32.21
3	442134395486	108.15
3	446182651893	89.82
3	391171999911	144.75
3	445638736620	98.44
3	445916203219	122.42
3	394857469568	97.91
3	446775696443	107.57
3	49224052562	84.54
3	443564165200	108.16
3	442730050309	82.68
3	445468198463	90.17
3	48558724470	241.38
3	48286409990	198.66
3	49692754061	84.59
3	49172148137	89.38
3	441518232194	96.38
3	48181462225	209.72
3	444028492672	99.42
3	444671614699	109.35
3	442834756663	124.20
3	48272268514	177.83
3	445761345268	112.44
3	49349083511	88.42
3	48302947127	220.99
3	48242885574	218.38
3	48658875179	237.58
3	48517835081	225.45
3	49289656532	82.44
3	48404271514	239.74
3	446365882559	124.52
3	442242976976	113.12
3	48251348245	227.91
3	48387792890	212.48
3	443140796788	137.20
3	33611139196	30.88
3	395127806316	122.90
3	445276609204	94.51
3	48481962300	227.16
3	48129318964	189.98
3	443522244143	108.15
3	49185689791	84.60
3	48150242311	152.87
3	49144017402	90.05
3	48189331651	222.43
3	49334566412	78.60
3	33137455263	31.12
3	33117662136	28.35
3	48401452538	182.66
3	48117212161	230.43
3	33585979325	31.50
3	49193505770	75.87
3	446259112349	122.50
3	446519533123	108.37
3	49642234433	95.29
3	49276088609	81.40
3	48395966709	182.45
3	48246276210	173.51
3	33170191309	31.29
3	444904825447	92.65
3	48129691969	209.34
3	49227436235	95.98
3	391936728631	130.58
3	48320860902	218.65
3	49699037340	82.30
4	396506398246	136.42
4	48209821350	230.26
4	48674004267	198.05
4	48363856901	212.26
4	48451259486	194.21
4	48647042907	266.81
4	442484716465	109.02
4	48156191142	236.50
4	49558313248	74.64
4	49435281571	81.16
4	48274517284	241.73
4	48685768950	211.06
4	48574935267	221.99
4	48598685457	208.86
4	33541066294	32.03
4	48534546218	211.31
4	48659465775	165.38
4	48648560332	292.81
4	443035603630	136.66
4	446911473874	131.17
4	48625077112	195.78
4	48666763966	208.47
4	48500234332	177.73
4	443901884934	125.16
4	444502046243	128.62
4	48276631124	198.60
4	48682122589	231.82
4	49500855061	84.50
4	48537760884	209.48
4	48483845737	143.68
4	444991489447	105.85
4	391766189133	103.40
4	48585134721	221.84
4	392918281243	121.49
4	443707254502	111.62
4	393373566866	121.37
4	392039867840	126.86
4	48627821851	257.37
4	48669440345	194.60
4	33287273847	30.01
4	394886932645	127.66
4	49575902362	85.33
4	444076098861	100.40
4	49358266116	86.11
4	48612928441	190.20
4	48641724102	200.94
4	49242771222	86.50
4	48199329266	186.48
4	48458577796	204.22
4	445327598066	107.24
4	443647088160	113.76
4	49655037306	75.44
4	48635146976	185.29
4	48267311266	191.38
4	48530466454	237.55
4	49235365737	82.44
4	48389209255	221.40
4	443293781930	101.42
4	48548847961	185.94
4	48483095430	143.03
4	48637603028	201.26
4	395370041887	121.49
4	48408408247	196.63
4	48297705542	196.27
4	48321446787	229.89
4	48405672875	164.86
4	446488976355	133.32
4	48274263705	244.20
4	442908241801	99.57
4	33308497973	29.75
4	49496902156	81.62
4	49537649993	86.07
4	33574538935	30.45
4	441916289719	88.66
4	33426807682	28.44
4	48583395875	231.99
4	391381041080	144.34
4	442914969641	112.23
4	49329912815	88.20
4	396225862328	132.08
4	48374935673	208.04
4	48311415102	181.62
4	49655208382	82.06
4	48642366075	218.41
5	33684872738	29.17
5	48440580568	251.14
5	442348543497	117.81
5	49246355391	83.29
5	445918174581	105.64
5	444579752384	113.72
5	48191868803	203.66
5	48570524040	216.82
5	48117494689	174.44
5	48351348482	246.51
5	48309445749	146.50
5	48114680122	208.84
5	48610789823	236.34
5	48585664360	200.84
5	49277179862	85.05
5	33506725892	30.65
5	48537187755	202.04
5	393704675851	125.89
5	48295339818	177.52
5	442202314064	127.89
5	33407542089	27.59
5	444663823252	109.60
5	49542440988	98.25
5	444700606792	119.14
5	446550844088	88.68
5	444208234784	125.99
5	49410849311	88.09
5	48485632163	199.92
5	394496029508	91.12
5	446680257591	121.40
5	48539494194	278.27
5	445751803257	96.89
5	48418704397	257.55
5	33323111724	32.01
5	49532461861	74.00
5	443245751735	86.75
5	49409031940	86.23
5	48494769301	242.32
5	442305244190	104.81
5	49340179170	83.09
5	49423209660	88.41
5	49113068265	85.23
5	48645977029	244.88
5	444824678772	113.83
5	394125414135	99.94
5	394146045937	109.51
5	48663240044	193.79
5	444960142617	111.10
5	442285894455	133.64
5	441448168431	117.94
5	49211151905	86.19
5	48445704419	240.28
5	33570970131	30.03
5	442597590872	120.18
5	441425233436	98.22
5	48198340733	222.50
5	446794353550	106.63
5	33589134566	31.80
5	49396587716	86.93
5	33512468549	30.78
5	48262702978	207.88
5	48213225279	198.98
5	444112546424	134.11
5	48690600671	223.03
5	49585354592	90.24
5	48140889172	198.56
5	48225726443	170.52
5	49177707745	82.83
5	441764015134	134.16
5	446303642289	94.69
5	445902135286	127.74
5	48281709399	203.76
5	394828532484	121.42
5	48514472749	212.86
5	49525010671	85.20
5	48431295332	227.96
5	48230674943	268.71
5	395043359150	100.37
5	48652360697	198.63
5	444616120956	95.90
5	445513523257	145.40
5	48309016026	181.04
5	33670415414	32.16
5	48214446315	247.50
5	441858761863	78.19
5	48439430286	203.19
5	48392690769	192.70
5	33456339062	29.95
5	441196824135	113.08
5	443164030519	83.69
5	442039591860	116.80
5	442893445118	108.99
5	48134668038	212.05
5	48188505669	235.79
5	48150319535	196.58
5	48558745560	209.18
5	48231243488	220.17
5	48607407182	225.87
5	33569321808	29.26
5	33460931025	26.42
5	48252985823	206.91
5	442595141632	132.74
5	441573370868	123.16
5	49502454750	84.05
5	49538708733	81.60
5	48271488590	162.01
5	33658804005	30.43
5	48680552786	219.69
5	443426835557	92.47
5	48530618182	236.11
5	48255905273	198.38
5	49649365997	86.72
5	48110185576	218.04
5	443992128276	105.16
5	48518927088	240.16
5	48175325022	248.29
5	48408117444	226.59
5	441257666261	140.66
5	441507614300	115.45
5	49639277352	84.12
5	49215493228	86.43
5	48474065741	235.00
5	446755829471	148.21
5	33193560713	29.21
5	48283539781	220.84
5	446113605628	103.63
5	49417833495	87.87
5	48553100417	191.26
5	49322844388	80.13
5	49691332534	83.98
5	49536497343	93.20
5	49167866857	79.86
5	442958628481	105.18
5	392592546840	151.55
5	48162701583	206.76
5	49412046406	85.73
5	49698483675	89.17
5	49143717937	93.91
5	48344079551	198.50
5	48421295144	248.87
5	49424159556	90.05
5	48645757446	143.96
5	49155321633	86.97
5	48265474250	175.94
5	446863520254	110.91
5	33375763646	31.11
5	49175060971	81.59
5	48472568137	153.88
5	395992087478	146.83
5	48451622319	201.56
5	48255345802	206.08
5	48216342933	208.26
5	391206305885	146.04
5	48219057943	165.97
5	443836087495	122.53
5	33633169694	30.31
5	48641884648	149.82
5	48493690872	240.93
5	49558456117	79.22
5	49161333741	92.61
5	392231868225	96.77
5	442833091004	106.57
5	48432623038	220.44
5	48120827848	246.90
5	49239045835	80.92
5	49576285674	85.55
5	48651433300	148.83
5	33316264818	31.19
5	48627293788	227.80
5	444476859362	123.86
5	392248987988	111.11
5	445966147960	118.46
5	33289788696	31.43
5	391513289973	114.24
5	49611800835	94.97
5	445373918605	108.30
5	48573350651	208.72
5	442572737918	97.46
5	48383424755	161.27
5	445417201541	104.95
5	33300996992	31.71
5	446542682487	102.16
5	48648756388	246.48
5	48390878342	206.74
5	443308657390	76.77
5	48528931716	264.06
5	441840584150	98.34
5	49414549742	87.67
5	49132193732	86.39
5	49583270023	84.48
5	48693578643	189.93
5	48358317840	200.49
5	48465130998	166.79
6	48397635233	172.10
6	446688152107	107.48
6	48297687110	210.60
6	445838157977	117.14
6	48388098198	191.28
6	442360288485	103.62
6	48463498421	170.82
6	49589588536	81.93
6	442306503085	105.39
6	393330335015	151.20
6	48589409771	231.01
6	48351049222	258.87
6	49136960326	90.98
6	442951702782	122.66
6	49139258695	88.84
6	49222426112	89.37
6	442267651826	97.31
6	48652608064	199.68
6	48174400967	178.57
6	48402903800	171.69
6	48595603623	216.96
6	391755023061	135.21
6	393090748766	133.71
6	48199692656	253.72
6	446188206005	126.48
6	48646038228	151.22
6	33410573481	29.20
6	33253935693	29.47
6	33338996034	30.62
6	48237074597	178.32
6	48205317104	227.90
6	446225468106	84.09
6	48389347223	174.26
6	445744999432	77.52
6	446349324863	108.22
6	396222010347	128.47
6	442280868281	110.69
6	444984765379	129.50
6	48167822327	254.21
6	49141189235	83.92
6	48337995125	249.38
6	442507752054	87.38
6	392534605962	123.92
6	394780113179	108.28
6	48621704088	209.08
6	48427508861	174.91
6	48261531832	175.96
6	442730486742	121.97
6	48411969502	216.92
6	48140925996	238.36
6	441572265635	85.24
6	48466011642	183.87
6	48639461033	226.84
6	48685166069	244.55
6	445946482972	97.14
6	396854382869	126.85
6	48181855934	207.38
6	446433870026	79.44
6	49261633169	84.02
6	49494123672	80.73
6	48689783074	249.60
6	49505127526	89.48
6	48540857097	184.85
6	48173742515	220.32
6	446684932070	93.95
6	49432460567	86.32
6	48552765654	187.41
6	445455326989	111.42
6	48300355993	200.18
6	49693884321	82.35
6	48462977983	143.66
6	48358945704	232.09
6	441385956475	114.24
6	48236248237	146.73
6	49450158121	77.16
6	441439875952	132.20
6	442574058883	101.43
6	444531834764	118.09
6	446578185891	125.66
6	441118084100	108.18
6	33205900241	29.68
6	446953352250	89.80
6	48173498728	223.57
6	391234428425	117.11
6	444834622704	103.82
6	445667434719	95.49
6	48615239004	250.18
6	49170890076	88.05
6	445290518887	99.84
6	48465521972	204.27
6	48517166757	246.12
6	48153255384	244.30
6	48309993958	236.16
6	396817678435	137.20
6	48461859775	198.67
6	48488155408	234.81
6	442004174807	124.13
7	48301474871	197.84
7	48311467178	201.84
7	48687814824	244.68
7	48215875939	155.35
7	48127834997	245.68
7	49674241050	81.68
7	48556196347	201.01
7	446674179625	127.91
7	446570638732	109.71
7	442453588337	132.82
7	444397397505	98.15
7	48314668749	211.32
7	443479524837	106.31
7	441782247421	118.13
7	49527404398	85.44
7	48156208306	253.13
7	33361354192	29.80
7	48682374738	235.39
7	48368271643	201.43
7	48512238134	223.58
7	395969609846	100.84
7	49259989580	87.76
7	49684429060	75.72
7	33251055071	31.57
7	48231079060	185.89
7	444858511775	102.20
7	33543481415	30.23
7	443886908875	68.36
7	443809160891	110.35
7	48288618795	171.87
7	441691476347	98.84
7	445964475227	130.70
7	33533307546	30.63
7	444107432375	104.10
7	446298471374	97.45
7	442928521152	93.36
7	48174148694	190.60
7	446654719117	99.02
7	33373489510	26.84
7	443470953392	103.50
7	395291684845	101.96
7	443549926676	103.39
7	442231879152	92.01
7	48279934951	198.92
7	442225952243	114.04
7	396474556321	135.88
7	444121670545	98.76
7	49664943158	86.87
7	48366789791	229.13
7	49352070045	89.46
7	48382240319	221.07
7	48167567822	230.51
7	441855883355	105.98
7	33375776538	28.78
7	49198425800	94.69
7	396732170816	124.54
7	443560981563	110.90
7	48669663707	167.66
7	442184116921	119.06
7	446458303795	89.09
7	33263448268	30.18
7	48455289610	187.93
7	48403323081	220.00
7	48381245653	222.39
7	49216068939	81.83
7	393867479671	86.05
7	48503662326	228.30
7	48112054185	178.18
7	444016544811	122.82
7	33203825897	30.55
7	48226270047	227.06
7	48232308844	195.56
7	441285725493	84.70
7	48329309696	246.38
7	33553463076	27.51
7	48458901086	256.38
7	396487502550	126.22
7	33487642638	29.96
7	49475903034	82.01
7	48573650454	222.75
7	48266659423	195.16
7	48572447200	188.53
7	48439643047	193.11
7	394147820233	127.74
7	48288194234	164.45
7	49334758523	86.57
7	33149247838	31.15
7	49287465849	78.94
7	48566163197	206.37
7	48380688515	217.70
7	33210441407	31.03
7	48518395470	235.07
7	49584574759	89.51
7	446106977041	114.77
7	49693354088	86.59
7	441443313803	121.91
7	48360629952	150.55
7	49664075137	89.92
7	396195738652	138.24
7	48388501124	192.81
7	444233598260	92.51
7	442291617594	106.11
7	445012722844	74.95
7	48404812043	163.10
7	49343320598	85.62
7	443588288691	98.33
7	445689362195	123.75
7	442001479422	89.73
7	48627916732	209.29
7	33485326399	29.72
7	443584152808	121.26
7	49161211122	87.97
7	48413503810	216.29
7	49323840276	86.46
7	394054919939	88.72
7	48378038597	198.45
7	446436494605	92.75
7	48558281374	219.05
7	443655582884	116.60
7	48366077484	214.92
7	49464023083	87.36
7	49157068323	93.46
7	48209756874	208.53
7	48351580764	235.49
7	446840609622	122.97
7	48139412786	226.93
7	48437557521	291.80
7	49677556272	100.00
7	48596270204	186.45
7	49657779666	80.19
7	391809362692	122.05
7	48281447059	219.72
7	441358674404	122.71
7	393417339732	117.30
7	49655852324	89.82
7	49455033406	82.55
7	445212730809	108.66
7	48464513241	201.60
7	48414640084	204.81
7	48181004119	263.88
7	395776671475	122.70
7	446863348783	116.03
7	49354394880	87.80
7	49667761921	77.91
7	48235014421	202.27
7	48415915018	201.05
7	33366598344	30.57
7	48628657520	202.55
7	48687682942	209.01
7	49589028904	85.43
7	441460375230	112.17
7	33632384576	29.15
7	393189580016	132.04
7	49645599238	90.33
7	442448475510	119.13
7	395003077893	128.60
7	48460899887	181.58
7	444799739352	97.35
7	48170014399	199.34
7	49399788614	91.31
7	49263567548	84.89
7	443686284698	95.50
7	48331118135	211.16
7	33125438493	29.28
8	442714252085	126.55
8	48499619748	221.86
8	48228162660	224.04
8	48641850136	210.59
8	49447979263	84.40
8	443949067196	60.54
8	49567660356	89.33
8	442789877424	93.45
8	48444115185	194.48
8	446075296099	109.03
8	33661757081	29.04
8	49469531966	84.25
8	443244181911	84.47
8	49150064495	84.88
8	49442254503	87.13
8	49224753696	81.39
8	48128211447	230.37
8	49591411852	88.43
8	48397335483	175.13
8	396388094543	119.60
8	443383433738	120.77
8	48471600354	199.75
8	444048542907	128.15
8	48207362358	167.83
8	441884592345	127.33
8	49213243828	84.76
8	48400681805	207.49
8	444687743142	87.10
8	49520742381	81.43
8	444632200701	98.63
8	392399870423	131.14
8	446680470015	88.13
8	33517239900	31.37
8	49486986267	81.07
8	391192335170	93.60
8	48300335248	163.50
8	33655149702	28.37
8	48592309355	191.02
8	33300912660	28.24
8	445002856983	81.37
8	444968070813	114.32
8	441712605659	99.69
8	391275821739	124.72
8	441784989954	95.25
8	33364278510	28.83
8	444120333791	103.77
8	49462589085	88.28
8	445310990715	95.52
8	445992148218	105.25
8	49447482081	95.38
8	48131781680	224.45
8	392030988183	135.49
8	48124392148	216.70
8	48664410448	162.49
8	48601379522	215.50
8	48658648869	239.73
8	48248684413	193.85
8	48505245173	185.63
8	48428779934	232.19
8	48516189158	188.30
8	48587184748	205.32
8	48256070735	198.48
8	33167655671	27.66
8	33398743750	30.38
8	48182397850	169.30
8	48241815861	194.48
8	48289037837	163.30
8	49353214313	83.93
8	446249519074	114.52
8	394491935401	135.06
8	48309058040	199.33
8	48328715354	170.86
8	48679829296	189.97
8	441236500230	119.97
8	441954035176	101.70
8	48206446134	219.40
8	33686538298	30.63
8	48111600143	211.81
8	442192953397	112.96
8	48353056787	228.25
8	445825145445	89.76
8	48181306238	225.06
8	446614876981	118.13
8	394004904463	138.41
8	48315355633	251.70
8	444926461435	100.88
8	49211076437	82.87
8	48449763867	242.34
8	445669562087	115.16
8	49138322745	88.84
8	49594062694	85.80
8	444546442723	115.30
8	49408828707	84.32
8	391396841046	129.59
8	446006435835	117.07
8	445924445924	112.34
8	48283463626	199.79
8	443084242523	103.68
8	394829352435	98.62
8	444764172428	124.84
8	391429644428	119.73
8	393491047533	109.83
8	444935056513	91.42
8	48640215933	241.32
8	443539704963	93.92
8	48225649745	218.75
8	48266403843	245.33
8	49480543755	94.04
8	48478279035	216.66
8	33444924977	29.68
8	442578686925	107.44
8	393101295670	116.62
8	48282746212	189.61
8	48544292871	188.63
8	33573298289	31.63
8	444368893809	115.61
8	442263726798	111.93
8	48113072823	241.44
8	443369722451	98.85
8	48353841079	182.34
8	48478020451	207.09
8	443390731949	98.85
8	446251096492	88.60
8	48198112679	184.38
8	444470707614	117.38
8	48279403982	237.26
8	48559620465	164.66
8	446909015743	115.76
8	48612376603	271.70
8	444569962810	90.88
8	48450773226	306.11
8	48513598585	236.91
8	442909920595	123.56
8	48274665588	202.32
8	33642009278	30.28
8	49424930226	74.23
8	442128285188	96.84
8	48577313614	217.65
8	441326127245	135.79
8	48467308099	260.92
8	49319498297	81.75
8	48389591624	195.24
8	443657187814	109.46
9	49556344635	88.71
9	446867124658	115.85
9	33198578022	31.96
9	443917860659	117.19
9	48554995070	226.14
9	48278918173	232.70
9	33294242202	28.01
9	445083929458	116.46
9	48588710271	179.97
9	48277903495	214.16
9	48135690240	199.56
9	48484730630	220.66
9	443132390170	136.96
9	48587027026	203.49
9	393485758367	108.22
9	33487403695	28.29
9	48627398888	208.63
9	395967337316	83.95
9	49642866037	78.97
9	48615896179	234.09
9	445407414291	113.75
9	48624431379	186.55
9	445244854836	108.35
9	444068893416	112.15
9	441275391730	72.18
9	49155789671	83.33
9	49364253653	74.63
9	445061038215	90.99
9	443033114789	130.97
9	446084136383	95.00
9	48454398050	218.99
9	395224084367	107.90
9	48532331299	125.05
9	48196540757	211.99
9	48357514547	236.30
9	395466038069	96.30
9	33510806688	29.79
9	48128728720	225.83
9	48449134291	202.50
9	444896991995	138.26
9	442151560245	118.89
9	446366282444	114.78
9	442399572122	101.08
9	49183664709	87.32
9	48303302108	182.86
9	441325426671	130.06
9	48322718927	225.07
9	33609561548	29.52
9	33390420877	28.99
9	443715282505	99.40
9	48122340985	157.31
9	396871778583	142.60
9	446686572359	97.82
9	49509979995	81.15
9	33297240159	31.74
9	393308065743	135.04
9	49654165774	86.13
9	445768391853	116.86
9	48688421565	231.74
9	49289748756	84.80
9	442198317787	110.48
9	49446258583	87.46
9	49298579307	86.59
9	48317193424	156.22
9	445697533688	102.88
9	48498358396	185.06
9	48299458681	168.94
9	48256621549	216.74
9	48577048963	186.14
9	446697020854	110.20
9	441964035484	132.62
9	48428926473	209.63
9	442671705165	125.45
9	49156242107	77.57
9	444720037119	138.33
9	49123147035	84.34
9	48119740985	218.79
9	49580119494	85.68
9	49537416577	76.58
9	445236723469	87.24
9	49477085582	89.75
9	48551340410	235.44
9	444733689114	115.03
9	48126458364	172.26
9	33178391668	31.45
9	49140525329	90.20
9	48368758623	250.20
9	394102304089	140.13
9	391696031406	125.34
9	49378326262	85.46
9	33143608865	29.50
9	396733050342	151.30
9	33575138560	32.96
9	49335275885	82.80
9	48190396294	231.62
9	48277198605	216.41
9	441493849241	111.55
9	48428258535	173.02
9	48628290031	185.54
9	48382540550	221.01
9	446701102125	116.18
9	445387417076	117.25
9	49324839551	74.54
9	48215625399	251.63
9	446362937754	112.65
9	48528618172	247.26
9	48499745353	183.11
9	394165555576	104.09
9	48235294674	216.52
9	49210256813	85.51
9	48147358561	224.13
9	444606464889	83.71
9	48392559625	248.10
9	444728436654	110.83
9	444962666355	88.34
9	444183843127	103.27
9	48248147954	187.43
9	443430123070	126.91
9	48573828844	186.12
9	443066100782	128.35
9	48372064907	225.90
9	33540820464	29.46
9	446850227775	98.98
9	48407212453	210.94
9	48490937089	213.35
9	33335691202	26.63
9	442279019621	84.34
9	48339024206	182.62
9	48228319153	238.95
9	49182462750	81.54
9	396758677936	116.43
9	48155533268	210.63
9	48542780144	208.70
9	393594721402	117.92
9	48382415112	215.09
9	49257397754	82.57
9	48609597132	181.80
9	49582021398	88.88
9	48447219255	209.77
9	48398416724	177.77
9	445616159268	94.17
9	443443826549	115.45
9	49379646388	84.67
9	48385916200	227.63
9	446792916387	106.46
9	48248700822	162.09
9	48117556654	182.93
9	48209581762	201.99
9	49677538120	93.46
9	445144980798	111.11
9	396410962403	129.55
9	442977211491	90.40
9	444315672423	113.75
9	48297217615	177.89
9	442976997216	128.55
9	48622756229	176.39
9	48474756367	217.15
9	443915128585	91.05
9	443078893003	109.28
9	48288537192	241.06
9	49342246302	84.39
9	48438477116	255.90
9	49261421388	83.32
9	393629037393	138.48
9	33302702428	28.26
9	48437620767	213.48
9	49164900998	83.12
9	443185932401	110.76
9	48384692818	189.78
9	33160475770	31.41
9	443295274899	85.84
9	48134742593	227.60
9	444472338439	122.66
9	396973193599	153.67
9	392749306229	103.63
9	48135228952	187.53
9	48463116304	187.52
9	48309208518	243.56
9	48515243576	169.46
9	48652110758	240.20
9	48438264464	169.03
9	48477576199	186.82
9	49226049089	75.05
9	446126639103	109.91
9	48555060959	236.83
9	395267299975	137.20
9	444964255345	126.49
9	48505431298	253.06
9	443984824403	112.33
9	392966440023	151.28
9	48430546504	205.51
9	443849902384	119.99
9	445694624637	108.86
9	48193224442	250.09
9	48361498887	120.67
9	392395167174	113.54
10	391699055370	113.55
10	48602623259	214.31
10	445214555032	121.12
10	442897368561	144.07
10	443365815187	93.33
10	48310447409	251.29
10	444591604645	71.16
10	33312962704	31.54
10	48162146862	235.93
10	49415650552	80.23
10	443981395882	85.44
10	48246460015	241.36
10	48612102791	231.57
10	445382746317	72.33
10	441446925394	91.76
10	443213023635	120.46
10	48144203814	191.84
10	48607774396	211.81
10	446044080485	128.89
10	33460514344	28.93
10	48527067086	191.76
10	48603214599	205.17
10	49261504027	81.80
10	48451477173	259.53
10	48676466904	214.02
10	48174683840	270.19
10	49233188704	93.15
10	48383712363	205.32
10	444047283677	104.07
10	441397782523	112.67
10	443743375239	124.97
10	33507498359	29.86
10	48354819251	190.75
10	48629526818	173.85
10	396023075663	143.64
10	442224244867	80.82
10	48124226282	272.80
10	33361818531	28.18
10	49572358420	91.29
10	48279719772	231.93
10	48370497479	209.84
10	441703904611	99.23
10	49221192031	85.72
10	443718971535	121.40
10	48568437886	142.18
10	443168111248	115.23
10	392447902702	121.65
10	48431849664	210.12
10	49234876980	82.69
10	441957282808	109.94
10	441242696577	105.82
10	48222200765	224.37
10	49627171399	87.89
10	443478330030	93.92
10	48245690770	210.59
10	48485026766	208.34
10	49589273566	91.07
10	49577370283	83.29
10	48639820086	183.69
10	395737651946	157.70
10	48522515218	244.78
10	393908621205	121.63
10	48230249583	190.04
10	49256287193	81.75
10	33296239926	30.86
10	392634879463	152.23
10	392949437593	125.82
10	393631539048	127.35
10	394215429682	127.26
10	33642635853	29.90
10	396090936490	159.29
10	393670322113	135.84
10	48393693171	240.64
10	48393988979	221.90
10	48695189404	251.39
10	48373806430	178.78
10	49291851907	88.50
10	445490186146	104.67
10	48629763773	185.23
10	446388768700	118.12
10	441159389209	114.30
10	48529082969	185.74
10	48206058350	244.72
10	48603789573	182.00
10	393766578916	111.77
10	442596811327	113.00
10	396630374262	101.57
10	49291716586	86.39
10	443732594833	118.16
10	393144758109	152.34
10	48272946380	209.21
10	394958586266	124.13
10	392685817858	118.66
10	48280009118	168.57
10	444392636728	139.46
10	49480257728	88.25
10	33463680679	30.02
10	49162663223	74.43
10	441517050034	94.36
10	48274702713	216.38
10	48317229670	259.49
10	48240254969	220.81
10	48603203956	197.69
10	48224691356	187.13
10	48595353845	203.61
10	49615313054	83.46
10	49564308769	82.84
10	33400695223	28.52
10	49472935010	80.53
10	49343098641	79.54
10	442706951934	101.59
10	48162342193	201.58
10	49699581742	93.67
10	49225506287	87.20
10	49615312010	91.43
10	446511563798	115.20
10	48274965921	187.05
10	48124544828	209.60
10	442531975169	111.31
10	446008746243	111.86
10	48124672267	178.05
10	442082886368	117.17
10	33643758561	28.13
10	48589942675	185.48
10	392526358199	126.79
10	445262776949	97.71
10	49271471763	83.61
10	393174324011	146.02
10	444571995291	98.06
10	48165417936	208.68
10	49691096990	89.17
10	48532236703	248.50
10	49639385472	85.75
10	48306261740	185.31
10	48177521087	200.68
10	48318403974	220.31
10	49271036564	82.90
10	442416182195	97.85
10	444788771772	137.49
10	443228202067	107.92
10	444386245601	120.97
10	49292513418	78.34
10	48253160527	245.93
10	48615582344	181.97
10	392113875341	90.94
10	445284401569	103.48
10	441384268442	103.25
10	444091789794	108.27
10	33402457193	31.62
10	48664328801	210.03
10	444980093437	115.43
10	48612039265	176.95
10	33434481509	27.42
10	441119884132	75.23
10	33481629359	27.64
10	392530878329	137.30
11	48201301719	177.53
11	48565520757	203.38
11	49437308575	84.81
11	49358422993	81.78
11	48217412491	180.84
11	442711725869	117.30
11	48155772979	206.61
11	442106155860	120.88
11	441489913003	127.03
11	49246344793	83.80
11	48681361778	184.53
11	442485590051	142.45
11	48556129287	179.82
11	33189297856	28.30
11	443587365833	91.32
11	48628550973	246.76
11	49541373534	85.60
11	49132947527	84.93
11	33689659330	28.39
11	443937511812	95.52
11	446207730362	107.44
11	33526460215	30.21
11	392244023329	121.34
11	33644384067	31.42
11	48395616588	188.76
11	48294630175	162.15
11	445534031101	104.18
11	442725533507	81.16
11	393464250128	134.88
11	394485441261	127.89
11	48689639589	209.98
11	49458449437	82.27
11	33498945258	27.50
11	49388104822	83.88
11	441424710647	99.85
11	446570704530	104.17
11	444999140894	96.40
11	446802870902	123.46
11	49477093714	86.52
11	445236997863	105.01
11	443969887887	106.33
11	49117742885	87.13
11	33334458196	28.85
11	444409607518	104.80
11	443953372512	76.71
11	48545867529	174.81
11	442880421728	87.21
11	33463232956	29.46
11	395503528979	141.41
11	48284692898	229.34
11	48617180666	256.46
11	48167137269	186.64
11	48517108669	268.34
11	48439087048	214.63
11	49503151242	89.62
11	442425554191	94.77
11	49653865666	84.17
11	444738381984	122.76
11	48572861936	217.17
11	49404093265	79.60
11	444865258594	96.78
11	446542224734	128.90
11	48564557423	212.53
11	49194871496	93.71
11	33462285157	29.73
11	442603390974	99.75
11	33143394795	31.36
11	48184479046	203.31
11	48626246557	246.52
11	48562983713	139.80
11	48660973256	155.42
11	33371964519	31.10
11	33225700402	29.94
11	48466883035	194.92
11	48423817756	213.35
11	48578114742	197.43
11	48299324021	164.39
11	393452794672	117.09
11	441642737415	85.73
11	48499177994	176.13
11	49688557038	83.94
11	48568376225	205.38
11	442325992072	128.20
11	33359939684	29.00
11	48565712016	234.94
11	446925786630	91.31
11	33475923165	29.52
11	443860210769	127.94
11	48124439577	242.46
11	48251055886	241.80
11	48549219888	140.67
11	443852930644	136.47
11	442593498793	100.29
11	442314150301	107.29
11	48598582457	213.63
11	441854502190	109.11
11	395133163680	138.57
11	49144935932	77.00
11	48193215954	223.74
11	48661840689	213.49
11	444817333885	87.69
11	49210751439	83.00
11	49513771672	83.99
11	48115344883	279.48
11	48592318922	195.73
11	49689532671	84.63
11	395834572499	122.79
11	48426464740	233.12
11	396022824116	153.77
11	33171507679	31.36
11	48364759133	167.42
11	48309424265	226.41
11	393954302199	139.90
11	48542859631	184.09
11	48325134788	198.22
11	49639740907	93.17
11	48437710951	199.52
11	48542977367	183.01
11	391337301032	86.49
11	444726121605	98.62
11	393984045613	105.38
11	442743043200	111.57
11	48389685951	129.48
11	442472992278	121.80
11	48511980498	188.32
11	444539322708	103.86
11	48667726021	259.90
11	48657140669	186.72
11	441696099012	93.26
11	443321026247	130.18
11	49363586396	85.92
11	48215228260	162.26
11	49209172965	84.64
11	48578851408	193.22
11	48135395876	192.06
11	49647298654	83.89
11	33216682011	26.84
11	48359281701	171.66
11	49688568073	80.22
11	396744542643	130.26
11	396197741428	147.26
11	48198032711	164.84
11	444790844296	116.63
11	48497414771	173.64
11	49448938113	83.60
11	49318290522	86.94
11	443652432817	88.70
11	443044911662	92.69
11	445848317428	122.35
11	49487557317	90.04
11	446702124389	117.34
11	48616305089	164.21
11	48280430887	188.90
11	48488060046	252.38
11	33489392572	28.20
11	49687894959	85.54
11	48326382891	198.78
11	33269133752	29.90
11	442241423784	125.62
11	33359923260	27.58
11	48173302809	197.23
12	443046555638	114.83
12	48277667058	208.38
12	446851299855	98.81
12	49287103319	84.60
12	446448977682	96.94
12	49291623242	79.65
12	48649268040	179.98
12	48387857523	243.54
12	48259652488	191.42
12	48502204494	217.66
12	48663701209	178.75
12	441460036676	103.78
12	49333457863	88.15
12	48246499317	201.36
12	393866157767	131.48
12	49334011497	84.97
12	48611539005	225.96
12	48532579021	209.19
12	48343983647	221.26
12	48513390380	164.44
12	33179798761	29.99
12	445381285557	65.59
12	446763562863	122.28
12	443825699743	117.64
12	442365939942	123.71
12	49177311095	84.16
12	48563512820	240.68
12	48579414820	164.21
12	49562465553	84.30
12	48273011887	196.40
12	442438316223	101.64
12	48520760094	237.87
12	49518783034	86.67
12	48587293520	188.87
12	48644518361	251.63
12	48510841741	180.27
12	48587141781	219.12
12	394862355214	116.62
12	49373795923	82.80
12	393730255322	145.49
12	393353423758	133.85
12	443004175658	112.85
12	444339625029	119.11
12	443126127666	102.48
12	393606743007	126.60
12	33251252793	31.45
12	48378687864	222.47
12	49130425024	87.41
12	445699520556	108.00
12	392567162325	111.37
12	48212997314	253.48
12	48586190536	192.83
12	442956074662	108.17
12	48384702909	208.10
12	49524197332	90.05
12	48673028555	214.34
12	48610050797	216.44
12	391906385910	154.74
12	443628304436	112.92
12	444765232664	92.69
12	49349883465	81.32
12	49690412102	86.06
12	48582413682	178.88
12	48391707456	173.55
12	443084146078	90.21
12	48400428865	214.73
12	49248899795	87.74
12	49176545710	86.28
12	48337826583	167.94
12	441174447582	135.90
12	48582074021	171.86
12	441417014672	81.32
12	443354966108	136.73
12	49310036066	86.31
12	48263793471	196.42
12	444496311820	130.30
12	49408457508	81.11
12	48386776608	184.69
12	446206244894	103.41
12	49674784915	81.46
12	442122368568	116.33
12	48593469685	283.60
12	33676856863	28.35
12	48547480430	161.32
12	444821546050	110.91
12	392381868379	95.64
12	33698662300	30.63
12	49148585792	82.89
12	443951906226	110.11
12	444153275334	103.38
12	48319872068	222.85
12	392178965010	112.06
12	48312260519	258.91
12	48232731558	175.25
12	442271781162	117.47
12	446739752853	91.18
12	48678505563	202.53
12	48163986488	264.20
12	48677275485	198.39
12	393973081931	134.37
12	48699632140	192.89
12	442009695779	76.46
12	445096707232	98.26
12	48127168453	260.52
12	49330180292	81.84
12	48664387814	238.02
12	49350214546	91.01
12	49313737890	82.25
12	446262637947	80.38
12	33196382275	29.71
12	48428089924	203.58
12	48179790832	173.62
12	48313149057	279.87
12	443859641175	113.16
12	49301399641	86.02
12	48248093840	240.54
12	394679003762	138.77
12	48423732583	174.63
12	33416264746	27.50
12	48442545584	242.12
12	49248452791	88.96
12	48672327857	167.94
12	444684671475	130.66
12	49605089831	86.33
12	48421613889	225.88
12	33469481708	30.73
12	395876431707	126.43
12	446822631492	108.62
12	446879933514	125.31
12	49611546600	86.49
12	48600025399	187.42
12	48180286336	242.38
12	48310002993	192.87
12	49162986809	87.63
12	49468665545	84.59
12	48544861930	211.60
12	48125817046	189.72
12	49212505909	83.61
12	33120138942	29.34
12	396314454910	127.88
12	441711302770	118.52
12	443039878817	130.92
12	49163197533	77.93
12	48652267935	160.02
12	49692004245	89.00
12	391413164403	144.69
12	33576778154	30.24
12	48480439984	208.37
12	48393778370	266.82
12	48296769658	203.11
12	443360002172	112.48
12	444392285629	110.13
12	48683032643	185.60
12	33244627788	30.66
12	33527472435	29.20
12	442818912961	124.02
12	48499907033	201.65
12	49115604444	79.43
12	444578574029	104.99
12	393436119450	122.56
12	441180277156	94.16
12	442668461692	108.74
13	48673691034	245.49
13	48331713706	209.41
13	443654801501	90.28
13	48446220361	192.11
13	443839656584	94.71
13	442225978931	105.83
13	48312141107	221.47
13	48654936276	191.20
13	49190055432	81.18
13	48431841309	225.74
13	49594096326	84.49
13	441252339014	81.07
13	48458129480	250.71
13	48176857874	174.24
13	48688485323	193.76
13	49138717215	85.47
13	444611578218	101.15
13	396081888234	140.41
13	48600335722	220.54
13	49670828161	82.26
13	48579519868	183.13
13	49441770847	82.15
13	48647964830	178.67
13	49434675697	90.26
13	393693956575	122.35
13	443551911459	129.13
13	442661310417	149.50
13	444862808994	110.69
13	48520026029	167.67
13	445626738825	113.86
13	48320870190	172.91
13	49391457505	88.29
13	49478771933	87.24
13	33549365300	29.32
13	33200778744	30.33
13	48606452116	205.93
13	48143974252	213.65
13	48272594159	174.38
13	48606058895	147.80
13	446573830573	111.49
13	48660601705	172.78
13	48455114482	199.19
13	48270194458	192.34
13	396362912865	116.15
13	49300852207	85.98
13	48131727819	210.40
13	49358808126	86.21
13	443263106032	125.93
13	446204798865	127.60
13	48332072263	215.14
13	48450261560	206.66
13	48390253750	170.11
13	48613437766	161.46
13	49387932581	85.53
13	49347383999	85.07
13	48341928096	258.57
13	444877423132	100.42
13	33529828893	29.64
13	444739304147	110.87
13	396030326185	153.80
13	48327193747	163.38
13	49651305492	84.18
13	442928436898	112.91
13	48180076996	260.97
13	48230477235	209.31
13	49444672069	86.82
13	446207097855	109.32
13	48190501571	161.17
13	48377919223	200.83
13	442964370325	97.73
13	48139487613	194.94
13	446632893113	131.21
13	396764144015	140.68
13	48194732995	193.19
13	33241509144	29.94
13	442005523803	131.09
13	48151246734	257.73
13	442772163659	123.37
13	443759088324	87.99
13	444822492788	90.87
13	48188670319	227.77
13	446115066284	107.93
13	33591914714	29.89
13	49167429255	78.11
13	444072602048	94.67
13	48244245547	228.28
13	48644341246	231.67
13	48141101651	226.19
13	442193545844	85.55
13	33154443467	30.89
13	49550052663	88.60
13	49603635997	91.39
13	446983989945	121.16
13	441858419147	130.53
13	33624002464	29.66
13	49444468663	88.27
13	48667032253	212.41
13	33300072753	30.60
13	33367464921	30.91
13	442364231550	105.42
13	443962829126	99.31
13	48693923220	178.63
13	49292417062	86.89
13	49651109571	83.37
13	49385957260	89.85
13	48293954881	217.84
13	48444110627	226.55
13	48517528013	233.57
13	443318877419	114.82
13	445630882406	112.82
13	33497325419	34.29
13	48644672339	176.34
13	446984934387	121.74
13	441736458102	148.84
13	48576577815	140.06
13	48530906693	184.09
13	396264687799	100.62
13	48632096250	200.15
13	48519108497	225.00
13	48260553357	237.36
13	446206278388	82.34
13	49203885099	82.06
13	49521752089	75.30
13	444339664641	77.00
13	48426338006	213.19
13	48486400664	225.12
13	443825079432	140.79
13	48480146066	218.19
13	48134770488	172.03
13	441989664565	128.22
13	49237397951	84.67
13	48506172745	213.23
13	445328891663	92.94
13	441368465149	103.99
13	48504513527	209.71
13	444177894294	116.57
13	48538127070	209.60
13	49327558696	84.67
13	48404021258	201.95
13	445500199521	98.03
13	48579912649	244.25
13	49462450705	81.58
13	441810869362	95.38
13	48563053238	216.90
13	48467538381	199.98
13	49632985803	74.90
13	441572753137	103.83
13	48374495514	202.31
13	446635555892	137.19
13	48469401277	217.32
13	48115810333	175.44
13	48531651684	200.81
13	444334526557	106.02
13	48544403628	212.10
13	48560715660	178.66
13	442905524082	104.53
13	441315819264	113.09
13	48688067619	182.86
13	49667679178	85.42
13	48301636860	280.96
13	49511103124	82.16
13	441871489429	113.34
13	49405620082	87.02
13	48585338494	235.46
13	49173481784	81.97
13	393534796032	134.60
13	444702110393	118.67
13	49630954290	85.10
13	48271818645	266.72
13	442534388893	101.87
13	48160909765	166.82
13	49682603086	84.50
13	33365906733	31.32
13	49160447349	87.38
13	48161230517	169.70
13	49240045335	78.72
13	48437909098	233.07
13	48536556254	153.09
13	48467571732	185.33
13	48521150374	183.19
13	394979552682	137.46
13	48146955599	153.57
13	393480233238	158.73
13	48411011000	225.41
13	33206419538	32.80
13	49238427973	82.76
13	48406313470	171.96
13	446010390552	92.65
13	48626328182	209.95
13	49397952957	88.81
13	49548025241	76.16
13	446164539720	104.02
13	33494741791	32.32
13	49458899477	83.25
13	391104472107	113.47
13	48197778211	192.09
14	49437877530	83.79
14	441388600767	132.60
14	445961363190	129.63
14	48429353304	251.22
14	48135877688	202.55
14	48507194924	181.14
14	48524366951	236.31
14	445845828722	109.87
14	446418137030	98.59
14	49687933313	86.48
14	48570553562	201.78
14	443785579388	130.22
14	48317064678	230.81
14	33565651970	30.26
14	48273322731	212.61
14	33491539181	26.61
14	48537152389	125.21
14	48456318488	179.89
14	441239309008	105.96
14	48192378089	228.26
14	48168225329	144.04
14	49652749349	80.65
14	441176165500	104.85
14	48226790295	211.41
14	49551505582	82.06
14	443519366267	101.20
14	48641522588	239.99
14	33185738558	29.29
14	441188097352	140.40
14	49317546713	89.32
14	444572172520	129.81
14	48185952547	191.74
14	49663362891	86.74
14	443851623425	111.25
14	442914533631	99.27
14	48454804248	199.46
14	48690974876	183.34
14	442307344103	105.91
14	48154413089	183.91
14	446748314586	130.66
14	49476888063	85.33
14	392330842901	72.74
14	48534184327	220.54
14	445832500074	122.11
14	48331882385	232.59
14	48170579863	191.92
14	444344351757	106.58
14	48252437112	174.54
14	49556288325	89.46
14	49505615767	78.34
14	442694318706	103.18
14	33138525230	30.97
14	48129166857	210.64
15	48333592869	176.57
15	445200982665	102.75
15	392672473591	147.11
15	49339258409	82.80
15	48322851833	211.52
15	48502406744	237.74
15	446983898418	103.47
15	49270448935	86.49
15	48547451228	263.79
15	48114433756	178.12
15	446966028214	116.80
15	443393406336	114.73
15	48547319380	156.49
15	443355148434	99.69
15	444951255792	107.29
15	49339200482	76.28
15	392807227881	105.28
15	441784986591	84.13
15	395054303943	110.10
15	33420422295	30.48
15	446502250376	100.00
15	445453486968	100.30
15	442874808286	94.60
15	48217667735	211.07
15	48375443777	209.86
15	48432565554	185.32
15	441671057172	105.43
15	48606199903	256.49
15	48367378115	235.24
15	446437293879	99.12
15	445634017186	115.98
15	49564914992	81.37
15	441687587792	116.27
15	48423391776	229.30
15	48483351751	204.67
15	48241817733	212.27
15	48526032684	228.88
15	48119950805	221.21
15	48274373629	202.87
15	33360088367	29.63
15	48316889006	239.62
15	49417293719	71.97
15	392115790239	114.70
15	446420989789	117.81
15	48194315138	208.02
15	392796390159	174.39
15	48547729841	185.37
15	396059224066	121.34
15	446668972540	117.41
15	48636328601	182.06
15	33312674256	27.57
15	441712072899	120.36
15	443484122553	81.15
15	48169664659	202.89
15	49129447290	87.60
15	49558313841	88.89
15	48438714904	234.28
15	48535143777	184.30
15	33129272081	29.87
15	393981525031	96.68
15	49246294804	82.03
15	441931970148	113.99
15	445320451302	136.38
15	48630444742	232.10
15	48257468416	238.35
15	49189210648	91.59
15	443314098006	102.80
15	49408517669	85.17
15	48390754075	244.96
15	48217423039	217.78
16	48604609396	189.38
16	49435397208	86.16
16	49486500125	94.19
16	33231315348	27.68
16	48407024824	250.03
16	441307535787	104.83
16	446184389306	87.69
16	391532892876	100.48
16	49598215021	86.88
16	444606917076	103.84
16	442478612363	106.75
16	48411624290	230.88
16	33680536972	31.06
16	33604034942	29.43
16	48200074537	208.73
16	443400948135	124.29
16	442186908586	109.87
16	48146941819	220.50
16	442194652085	107.84
16	48683331099	199.22
16	49563861023	86.95
16	48573757101	189.44
16	49259652779	90.35
16	48375704667	234.82
16	48288423675	172.93
16	443058831358	99.61
16	48527773135	214.07
16	48181641265	196.34
16	49606552915	79.61
16	48628076778	186.83
16	396491766385	127.51
16	441297950944	124.26
16	441655140760	103.95
16	48603407416	245.10
16	48557901010	214.30
16	49159359858	85.39
16	49347388026	77.34
16	441522109124	83.66
16	49611701568	79.64
16	49596206096	86.37
16	49558600613	83.87
16	48277052516	234.95
16	33373046340	31.88
16	48232730464	180.39
16	48677983187	277.42
16	33184906210	32.30
16	49399449174	89.54
16	445333961974	113.62
16	48111119574	233.07
16	446203557677	97.73
16	444526667929	123.43
16	48667161789	167.23
16	49288669043	92.34
16	48459876702	197.93
16	393047712357	98.96
16	33316107351	28.58
16	442328494180	100.07
16	33591362509	29.70
16	442361460579	120.23
16	394165428814	144.01
16	48626041351	203.69
16	48680712628	179.02
16	446572576889	107.28
16	444525816693	104.53
16	48387984628	236.69
16	442445156215	99.84
16	48387659169	192.14
16	49377745308	86.73
16	445062142525	120.03
16	48537171367	245.18
16	48285173722	248.03
16	49199877585	82.29
16	48594377049	233.67
16	33567066320	28.47
16	443833887934	113.00
16	49555946229	85.34
16	48176542672	274.16
16	49339574118	67.76
16	48277560151	168.44
16	48684323258	252.84
16	48557512463	209.07
16	48443095095	212.91
16	33360671207	34.13
16	441465733353	88.75
16	442471642265	123.28
16	48509363389	192.49
16	49650910339	82.90
16	49169679127	82.50
16	49362170532	80.58
16	49618674214	94.32
16	442193064686	106.08
16	442019062603	79.94
16	445526060576	129.35
16	48660799005	170.36
16	49221284432	84.79
16	442529154961	121.59
16	48672403734	187.50
16	48531000179	226.02
16	49491468681	88.22
16	48491127006	216.64
16	441110081249	121.94
16	49415549277	86.96
16	48697849767	238.99
16	446713362687	134.68
16	49515877951	84.01
16	442583041213	107.08
16	49341627554	83.05
16	33118553496	29.34
16	33163847434	32.36
16	48386785638	195.61
16	48265344647	191.97
16	443799801156	120.87
16	392174549084	113.68
16	48500480197	196.55
16	33283292208	33.29
16	446542727517	102.36
16	33573540078	28.28
16	441176613060	109.01
16	442577750121	90.39
16	48131613752	223.06
16	443753466618	98.31
16	392562703688	126.83
16	48119039101	233.95
16	49574146866	93.92
16	48375591685	219.72
16	48412696257	202.81
16	48683335577	154.42
16	33606053604	30.32
16	445381889842	103.79
16	49619205205	79.71
16	49597958663	87.87
16	48428245820	213.52
16	49311937139	70.94
16	49440778924	78.33
16	48359295258	141.37
16	443551706572	99.72
16	394919275062	129.51
16	48419137993	182.93
16	446972711381	136.05
16	48683921384	147.33
16	442067998012	111.55
16	48209794406	204.08
16	48628927654	217.35
16	444438388866	91.52
16	443251639155	107.29
16	49217117874	85.68
16	442972093082	103.63
16	443195954155	89.87
16	48235705399	205.80
16	444430777288	127.40
16	48286424234	203.75
16	49250215661	93.23
16	48538838597	185.08
16	49649204746	88.41
16	446616808049	99.99
16	441295118919	121.16
16	446420151038	84.89
16	48437312553	230.54
16	49364334571	84.09
16	48596763561	202.33
16	48462958045	183.57
16	48400691346	203.62
16	48312155571	195.24
16	443406555576	97.77
16	444529651920	111.40
16	396129084219	142.89
16	442980636231	121.90
16	394080438715	113.40
16	396913343294	96.16
16	48523892091	240.64
16	33477863148	28.72
16	33199366011	28.67
16	48282201733	252.50
16	395438145731	115.08
16	33444637931	30.67
16	33465869409	30.32
16	48139122700	223.76
16	48198589983	206.99
16	48461673444	217.47
16	48261377461	140.43
16	48205114067	189.67
16	49232603097	94.79
16	48405188875	238.65
16	391346469432	105.42
16	395904549826	133.13
17	48485846889	194.16
17	49420469936	93.85
17	48437202244	210.60
17	49316270478	88.36
17	48481480687	219.47
17	48542948816	234.06
17	48561822164	193.31
17	48554193927	203.95
17	442715534182	110.80
17	48497055996	166.73
17	441142483452	130.14
17	446310735566	122.01
17	48176251036	199.88
17	49623893800	76.63
17	48122596490	234.74
17	48528820896	225.41
17	49698686266	86.41
17	48556163740	240.16
17	48351451873	209.53
17	442306656560	111.68
17	445490963738	126.90
17	48231813822	204.72
17	446646373470	129.94
17	48599197562	167.04
17	48447528490	165.63
17	444772823957	128.35
17	33301067201	28.81
17	48203797940	239.15
17	49242966198	69.58
17	48566637866	193.35
17	48218326337	187.10
17	33598423035	30.06
17	443547962449	106.91
17	33502660420	30.86
17	49128783300	78.21
17	444184119854	127.74
17	48328876126	217.66
17	393359506744	132.48
17	48405739608	159.35
17	442400886805	107.40
17	48546242463	187.50
17	442735060020	100.88
17	441898490881	103.56
17	48272201013	179.54
17	48231706145	212.87
17	48361146004	220.54
17	49624903004	84.85
17	392009433850	124.53
17	49370920355	82.97
17	48194616655	230.30
17	444668102209	125.63
17	49181932305	77.78
17	446581635391	129.76
17	446800598488	103.22
17	49586963847	90.07
17	49418405841	87.81
17	49146671328	81.13
17	446099010499	97.71
17	48252054422	185.62
17	445608466197	106.98
17	48212490390	233.56
17	395121495553	154.53
17	48621758273	192.61
17	444472987825	95.90
17	48383295530	245.65
17	445537110862	111.78
17	49549492366	78.31
17	48671441240	226.95
17	394962978671	121.82
17	444521837082	121.63
17	48201462594	230.04
17	48456695180	170.14
17	33246839281	28.27
17	49419001405	95.11
17	442387255028	113.85
17	443334455285	109.16
17	33245850752	28.90
17	48584575205	202.42
17	49390333107	80.76
17	33279678953	32.81
17	48255520247	168.40
17	48463301434	240.25
17	48589452591	224.03
17	445800300887	113.76
17	33606872297	30.80
17	48576583978	153.76
17	442219742876	98.83
17	48309815143	243.31
17	48651170661	183.24
17	48688624556	184.61
17	48234720653	250.09
17	33464984769	32.59
17	48584449116	218.23
17	48680438633	221.39
17	396930743508	100.71
17	444828599259	122.26
17	48187477715	249.65
17	395009543991	147.48
17	49533694434	86.78
17	441687714692	110.53
17	49575604266	82.19
17	48434630714	241.60
17	48434099418	226.87
17	442147596204	108.70
17	441369013744	101.09
17	48224494335	165.97
17	49237673712	85.70
17	443350140017	110.27
17	446112450881	120.92
17	441561233147	118.22
17	48337638973	212.16
17	48452994871	228.17
17	48307664628	181.03
17	48475494563	193.38
17	49335239469	87.57
17	48504619955	243.60
17	48163198678	219.34
17	445226498987	112.37
17	394994971402	113.07
17	441948988174	121.61
17	48590298932	258.45
17	48181423126	200.38
17	48182285854	201.05
17	48577854459	185.24
17	49145320714	93.15
17	48159833412	214.66
17	48376646665	240.54
17	48118270346	220.00
17	48144351102	200.11
17	444239014853	103.02
17	48671899779	195.76
17	48197140696	189.47
17	446903757013	122.89
17	33421102370	30.37
17	49289638460	82.02
17	444955730545	118.43
17	48542234789	236.11
17	446641654080	123.83
17	49417488100	80.37
17	48181280765	239.86
17	396678093161	130.45
17	48496213742	200.09
17	49572767478	82.68
17	48509358692	228.17
17	446010799574	92.58
17	48472098287	189.10
17	396754701350	135.28
17	33443756786	30.53
17	48418827626	247.87
17	443116781967	122.59
17	393830937543	100.58
17	396048936817	109.35
17	48555013976	156.38
17	445918290565	78.22
17	48349659539	233.12
17	49692219229	72.29
17	48342730410	191.00
17	48642598730	217.07
17	442516363842	90.43
17	33192691390	30.00
17	49273966545	84.29
17	392862522698	134.99
17	48152430116	194.30
17	33559602347	27.39
17	394797707833	150.76
17	48158766228	222.76
17	442172361386	93.46
17	443783977895	116.12
17	48313159095	222.02
17	48253966805	190.28
17	443583996165	81.23
17	442189618766	107.27
17	48228526901	177.30
17	446926717345	89.98
17	444853711021	63.36
17	392040648083	132.45
17	48219918823	221.77
17	48315547893	204.16
17	48416609757	263.94
17	48148071293	158.16
17	444193602832	102.05
17	48164570641	180.76
17	48206215492	228.90
17	446292435921	116.49
17	33284137025	29.65
17	48386097922	161.90
17	49324659416	82.47
17	48497866099	186.60
17	441479900777	101.25
17	393448072996	146.08
17	48432973587	223.65
17	48316056959	180.18
17	48512946775	204.02
17	392477582348	135.87
17	48149093237	223.04
18	33534477265	30.53
18	49463444122	79.76
18	49195668560	82.99
18	49584830680	85.50
18	48371212777	210.64
18	48188011506	183.25
18	48397381830	244.49
18	442809646632	100.99
18	33421761136	31.84
18	395338002995	148.88
18	49259171807	83.91
18	33447296858	29.43
18	33557421737	28.97
18	49179854677	83.28
18	48333365006	230.85
18	48255147577	183.94
18	48545313054	227.76
18	48688555243	162.06
18	444794253231	100.04
18	446692218663	111.91
18	48483595235	182.55
18	48566930574	176.79
18	396666050962	138.84
18	444400153036	127.23
18	441973078727	110.17
18	396227370072	95.38
18	48172956658	195.30
18	33414689719	30.05
18	394434982019	148.34
18	445099319107	85.35
18	48427757739	221.98
18	395897464572	113.70
18	49487726430	93.26
18	48240567041	242.81
18	441718273243	100.58
18	48465626611	212.73
18	444054233295	96.64
18	446589581552	128.08
18	48295627556	177.79
18	393371329978	129.72
18	33175133454	27.28
18	444818534052	101.04
18	48249458913	158.27
18	49219450770	95.15
18	48581536639	227.83
18	48414041876	213.60
18	48272303516	226.16
18	48539289967	175.60
18	49242817580	89.21
18	49557567441	82.42
18	49624274530	85.83
18	33153549261	29.96
18	49320086146	81.02
18	49270950330	84.00
18	48444491014	212.15
18	445263126927	114.80
18	49176605113	86.74
18	49187676432	89.67
18	33300702462	31.18
18	444296330051	108.75
18	49353104406	85.31
18	48507709708	208.99
18	441864855333	91.27
18	49306985252	85.45
18	48682514429	191.40
18	396578827319	154.00
18	446322726166	93.12
18	48682093753	199.41
18	445770928675	139.81
18	48443116578	192.50
18	48546560429	155.35
18	33647171112	27.68
18	49610058595	87.95
18	48123860795	270.09
18	49259836319	82.74
18	444615379869	99.22
18	445551357562	118.08
18	446829426137	126.09
18	48583421734	212.20
18	48604583623	166.57
18	48195083738	174.41
18	445021730255	125.89
18	49208473511	89.17
18	48152780789	218.42
18	48357448783	266.28
18	444425125147	133.10
18	445242781141	116.48
18	48223127936	208.97
18	442569602820	97.04
18	49215197573	87.58
18	446953511368	112.64
18	33536149722	31.92
18	392644007213	74.82
18	48226240680	215.34
18	49416827510	77.49
18	48666180069	230.85
18	443189719949	122.90
18	48187557485	212.72
18	396484983833	126.29
18	48253848174	216.26
18	48179306374	182.65
18	446661208628	113.87
18	48577384201	217.66
18	48298330874	251.60
18	48566394271	226.52
18	49682394595	95.96
18	49150836330	76.31
18	442849899511	119.79
18	444660242163	106.07
18	48506105153	215.34
18	48461355614	222.61
18	49349068212	76.33
18	442027365308	118.81
18	396277748897	166.74
18	49304175551	84.65
18	48595352888	270.60
18	48244324663	226.45
18	49529214440	84.36
18	442066129084	112.95
18	48514731044	204.72
18	49465707698	87.99
18	48666832468	199.69
18	444101879953	120.45
18	445616186640	110.25
18	49526940562	88.09
18	48529055809	196.70
18	49591265110	83.41
18	48554227502	174.34
18	441230512917	121.76
18	49284685237	85.57
18	48670901135	244.16
18	48154700659	201.40
18	48477772278	214.41
18	446151285859	111.58
18	48621502881	217.86
18	48606340090	238.99
18	49601916014	86.54
18	391545949770	167.52
18	33231232231	29.84
18	446792207080	127.42
18	48141315311	248.20
18	49219891618	76.17
18	33570164526	29.48
18	48271081029	177.23
18	393818738481	127.56
18	48335338067	152.96
18	48252961384	236.36
18	445564598906	111.57
18	48225447640	200.27
18	446093140354	88.63
18	48142284140	206.02
18	445566491146	99.14
18	441370503207	110.36
18	48607033294	250.28
18	394769375765	122.42
18	445915391812	122.51
18	33584348004	29.48
18	48232448463	201.95
18	446629184830	95.60
19	441244599902	107.94
19	48503082348	181.85
19	49549400356	81.16
19	48649625245	199.88
19	33211546788	30.64
19	33611714318	29.57
19	48542127740	180.57
19	441922174007	87.13
19	392413507992	133.15
19	49430749431	89.71
19	441220001647	125.82
19	49381822991	91.57
19	48592801675	199.58
19	48226914744	204.44
19	49433814984	85.52
19	48272243032	220.18
19	48412856250	186.28
19	33174359359	28.61
19	395439480748	155.08
19	444781809285	136.58
19	48548515046	230.47
19	49429144543	89.33
19	393597715444	133.32
19	48557314769	214.61
19	443115093598	102.62
19	48606134589	181.64
19	48662299659	208.99
19	48490800621	235.24
19	441944437626	94.91
19	48447750542	213.00
19	49263984014	83.12
19	33217241438	29.82
19	48388780459	233.99
19	442827786733	122.55
19	442270609437	113.31
19	49265846021	85.38
19	446439839072	123.51
19	48561140422	189.08
19	33355965674	32.72
19	48143938274	236.95
19	48673139528	240.99
19	444934251928	98.32
19	49343482940	82.10
19	48143577572	215.84
19	49397447624	76.09
19	441239227633	108.90
19	48157345669	248.79
19	394980287293	106.13
19	48261630890	227.06
19	49254267958	85.24
19	48464638451	193.21
19	48329414856	174.04
19	49420195446	94.11
19	48683625901	246.17
19	33529298718	31.46
19	442221556590	118.24
19	48327894654	194.23
19	48213665158	203.38
19	48438274776	175.11
19	49653691983	87.80
19	48177370571	218.89
19	392791656559	127.12
19	49119114484	80.04
19	442204817504	97.45
19	48219869692	250.58
19	441782841810	122.64
19	48687445906	179.46
19	49480655234	81.04
19	48278803348	225.83
19	48305043244	198.06
19	442852138805	104.83
19	48276512728	256.73
19	48234383891	230.59
19	444850635860	113.76
19	48430113830	174.76
19	446922763266	116.98
19	442317036579	116.56
19	48528807472	234.45
19	33317707258	28.07
19	48486817066	231.93
19	49548400075	85.83
19	446422754157	137.99
19	48566571682	178.88
19	48328293235	238.11
19	48269770333	216.52
19	49284458420	85.45
19	48363980928	197.72
19	33116105165	31.81
19	48297507755	248.94
19	442689640447	94.39
19	33483562591	30.80
19	33587283912	29.22
19	33533287781	31.19
19	33516244942	28.04
19	394205473563	127.60
19	48303285621	189.18
19	48228890803	231.12
19	48433068721	171.33
19	445880796963	119.16
19	48202085729	198.06
19	49378936378	87.81
19	395862811191	123.15
19	443993291416	122.97
19	48439453878	149.12
19	48453765424	210.37
19	396167336542	119.27
19	48147364414	196.49
19	442622924612	111.99
19	48550644722	208.84
19	48420974964	251.87
19	33448248414	30.57
19	396518740734	149.15
19	48480311696	163.28
19	48621836610	210.78
19	49367891701	88.74
19	48364630476	162.55
19	442414181968	107.33
19	48339640520	208.18
19	49333190671	89.18
19	446419431469	110.75
19	48173884711	243.83
19	49329116987	92.82
19	48473194559	133.19
19	33287048344	30.10
19	48216429019	203.76
19	48451256632	130.41
19	49489173109	84.90
19	48471187911	270.47
19	48393394175	183.15
19	49263830193	82.31
19	49499289808	93.43
19	49155318557	75.30
19	441732513004	115.21
19	48579221368	178.11
19	48691325300	218.99
19	48668683575	175.15
19	48195553130	189.16
19	444740960698	108.94
19	441708214690	112.21
19	443192078920	98.77
19	48390193123	234.43
19	444774803180	107.32
19	48514389647	212.11
19	48550201537	236.77
19	49427284444	82.87
19	392738486530	105.98
19	445728039368	97.51
19	393390191514	123.93
19	49264402476	87.55
19	49427360509	82.06
19	444237554386	117.83
19	442409119114	113.08
19	48259714240	236.86
19	48136395706	242.21
20	33389043164	29.69
20	48445682494	199.63
20	443456918818	119.04
20	441747146055	114.81
20	48661054688	277.00
20	49239551677	87.74
20	48525406989	201.44
20	33432539190	31.48
20	33421208134	28.16
20	395435019009	95.33
20	396054928614	102.05
20	49314723731	85.46
20	442270444895	117.09
20	48450393199	245.77
20	446218569177	105.57
20	443417911625	91.34
20	49620571173	86.97
20	48196768409	201.18
20	49522393620	94.69
20	33261792715	29.40
20	48393961137	231.31
20	33517253976	29.83
20	48588225351	231.40
20	441498393603	124.35
20	49304787206	75.31
20	48446806937	157.51
20	443323387249	101.85
20	48165683679	228.84
20	48168916917	199.54
20	48664832868	200.96
20	48489858653	248.44
20	48538274259	163.23
20	33238996287	27.27
20	48372342623	207.04
20	48344719591	164.61
20	48120535378	235.07
20	394101834503	139.09
20	48508200923	220.27
20	444496937708	138.47
20	442472398224	101.66
20	48612458295	205.84
20	446340805434	127.19
20	445083648135	112.80
20	48180076488	211.46
20	48433298736	226.61
20	446848806586	86.78
20	48364500072	223.93
20	48255182967	244.74
20	391692185316	102.40
20	49497058458	84.10
20	441602195040	145.93
20	446405541093	114.41
20	48436651633	198.66
20	48219182988	251.62
20	48572228571	202.83
20	33192221136	31.42
20	445534143025	112.32
20	441294194328	108.76
20	394381405685	118.58
20	48462895452	252.55
20	391463230527	115.98
20	445728117721	117.28
20	48515835280	156.60
20	48428011022	226.98
20	442549996697	102.50
20	445810727801	94.62
20	442280136184	114.49
20	48624483832	228.48
20	49278355578	87.04
20	33338721633	27.56
20	33220114090	32.09
20	48676164264	212.41
20	442663442406	97.76
20	33199242644	29.34
20	444636340469	125.23
20	48664993946	151.69
20	445401570249	105.59
20	394807397207	127.63
20	48209384150	142.02
20	391481583145	114.17
20	442699778870	102.55
20	48521936464	207.88
20	441330883418	110.71
20	49123263621	87.56
20	48557850845	228.85
20	443666732606	120.46
20	48201783777	202.32
20	442869526638	76.63
20	48630613563	215.27
20	48554914169	220.75
20	48517270008	209.04
20	48594422083	198.95
20	48393465301	248.59
20	49341988456	75.65
20	48648731174	210.95
20	442961199761	114.82
20	442645231972	111.89
20	33431393351	30.50
20	442892130340	124.77
20	394410412899	117.56
20	33549404847	31.29
20	396070794160	115.56
20	48538642927	241.88
20	33567038837	30.07
20	33422874292	34.01
20	33508184115	29.70
20	49371963957	91.55
20	33505279260	30.94
20	443937118571	62.48
20	443929981211	132.30
20	445201228140	110.43
20	48582205113	169.09
20	444086804057	96.58
20	443581623682	116.59
20	49684406046	90.58
20	48152234251	216.71
20	48652800407	226.17
20	446116897773	106.41
20	48111435540	221.78
20	48311743926	227.89
20	49157421018	90.46
20	48260345160	168.63
20	443768444608	127.69
20	48199484699	215.13
20	33429252759	29.54
20	446451014501	141.32
20	49659366743	84.63
20	443894273010	116.29
20	48336964812	259.93
20	48310374378	231.65
20	48496982705	195.65
20	48505303628	234.79
20	443130845776	92.64
20	443623593607	118.88
20	443999834235	104.71
20	49533798367	81.26
20	396431956307	124.01
20	446968321687	124.54
20	48316632030	163.08
20	33548408774	30.26
20	395158709388	118.64
20	393302450216	101.72
20	49329303062	90.09
20	396171649536	135.17
20	48654588964	215.95
20	49432072096	73.54
20	49341805843	96.67
20	393245530772	131.55
20	33689122799	30.80
20	441457897499	112.68
20	48551403898	132.18
20	48345133651	188.07
20	444939966155	111.42
20	443575794720	118.19
20	48601898042	292.12
20	442025444528	110.19
20	395426952542	98.54
20	48144140172	208.65
20	48559866778	185.45
20	393838309132	111.16
20	392059023880	118.90
20	48422246550	173.16
20	443540817015	89.62
20	48413775012	200.02
20	442430003001	135.88
20	446499598227	130.59
20	48120305148	223.60
20	48279839823	167.86
20	48135416870	217.89
20	48294528911	240.93
20	48564558356	194.65
20	442898745754	63.07
20	48232858655	217.26
20	396082919943	127.85
20	49349497355	82.38
21	49664696796	94.84
21	49214303461	87.78
21	48411910495	194.67
21	33218932919	29.48
21	442240900684	102.93
21	48497079021	179.18
21	48300785308	240.68
21	49593471317	89.06
21	48583692835	195.99
21	49407821147	81.87
21	33497506433	30.43
21	49474630505	92.24
21	48215298336	170.96
21	49672364425	77.90
21	445054486308	111.39
21	48120045983	205.25
21	48164405428	210.10
21	48479623084	173.57
21	443114701959	120.09
21	49684238746	86.26
21	394566955133	153.81
21	48432101342	222.13
21	445455032497	100.17
21	48240303588	196.91
21	445893707876	127.75
21	48557149294	199.08
21	392048978943	135.75
21	391121635790	122.27
21	48216932291	237.67
21	48494658878	214.06
21	441137455295	118.53
21	444666115126	98.24
21	48166022584	228.39
21	49684587538	90.00
21	393607918260	117.90
21	48606053027	237.31
21	33597883965	29.99
21	48169862231	222.48
21	393116560884	95.31
21	49543415749	83.32
21	48302108741	183.45
21	445803256388	96.90
21	444909131433	102.66
21	48262099585	178.24
21	395956208958	94.65
21	49670573001	91.34
21	443736477016	111.58
21	442531627823	125.09
21	48593972668	222.31
21	48303513581	229.80
21	49112953303	79.22
21	442053760098	107.81
21	49243314827	86.82
21	443127942014	104.90
21	48292318689	229.64
21	48291360204	209.04
21	395091191384	124.90
21	33280870317	31.54
21	441545355947	91.97
21	443497967248	111.18
21	48591475784	226.72
21	391529594659	155.52
21	446897299125	115.51
21	446442243845	78.44
21	48134233425	156.06
21	445511011228	98.68
21	48111488027	256.40
21	441617168271	133.06
21	49353845376	87.63
21	48184511987	264.24
21	396623917333	114.29
21	49614355252	82.18
21	49687809178	87.22
21	48448971571	188.85
21	48130423664	234.70
21	396365521746	177.94
21	446275363413	118.57
21	33170970191	31.04
21	33382128021	31.28
21	443033772544	115.47
21	442958735677	128.82
21	49281384163	79.93
21	442247390959	92.14
21	393931897433	105.89
21	444420771279	92.34
21	48608176610	194.93
21	446906868891	98.83
21	446363249713	103.37
21	442706242341	121.37
21	48249991066	229.48
21	48119397504	160.95
21	48587045972	212.80
21	441666014717	135.62
21	49515152389	85.10
21	48304966952	220.90
21	445237304775	96.34
21	49260501311	79.48
21	48162882558	239.91
21	395579438842	104.49
21	48318954228	239.95
21	48504268390	199.98
21	445348630430	124.08
21	33407287115	29.33
21	444703174805	115.46
21	49245146525	82.43
21	441919147511	88.79
21	49537777684	71.78
21	33393357101	28.02
21	393352448285	116.82
21	394380378918	137.98
21	33427469810	29.82
21	391856721717	150.39
21	442034503189	100.55
21	444964509650	120.84
21	441843333865	96.80
21	48149033649	205.14
21	48645869572	158.03
21	48574668581	180.07
21	441853840055	99.81
21	442472899751	96.42
21	446184490210	101.07
21	48339879585	216.90
21	48431401269	236.08
21	48313337374	219.35
21	441895816920	106.94
21	49293423963	85.10
21	48127921952	196.76
21	442348461166	96.96
21	33462461678	28.15
21	49243386657	79.00
21	48607412958	183.56
21	444056771375	92.12
21	48139035989	151.19
21	443454185725	112.97
21	48422212119	192.39
21	48582871091	222.13
21	445165622623	94.78
21	49635872257	84.05
21	48412685967	266.44
21	33409895935	28.75
21	48417064520	251.15
21	49119028808	82.62
21	48233791869	188.36
21	33338880746	27.28
21	33407201035	31.01
21	445138980352	119.08
21	445500884698	118.69
21	443543868886	113.09
21	49151700081	87.42
21	393729680096	100.62
21	48254134192	198.72
21	48118921517	187.79
21	48625088336	226.66
21	48333978654	207.46
22	396805174829	97.21
22	48222967861	235.89
22	49285721214	84.43
22	48473485313	202.45
22	48516426801	164.92
22	48161086417	160.00
22	48687994209	231.77
22	33671490457	31.74
22	49507033605	84.93
22	49151618994	86.02
22	444833965709	129.83
22	442125255804	112.84
22	49695061542	79.83
22	33342110353	31.63
22	443836515499	79.01
22	443029812808	101.27
22	33192982388	32.21
22	445401254900	97.77
22	445828155135	95.43
22	49147194213	88.59
22	33534352115	31.24
22	395428226998	124.17
22	441294871780	104.29
22	443433702659	106.84
22	48127010623	204.15
22	48625793594	237.75
22	48567656770	191.12
22	49182102245	89.69
22	49673334911	97.93
22	48124998429	233.97
22	33299704021	28.46
22	48373014326	204.56
22	48111937112	217.63
22	49303276611	78.18
22	391588813587	158.33
22	445185336952	118.61
22	48618401562	145.79
22	49369838657	93.18
22	48534906198	162.73
22	391942770788	114.98
22	395424248895	135.31
22	33242925775	30.81
22	445705747306	78.32
22	48665310354	228.52
22	48440583500	191.16
22	33509661329	30.11
22	446998371752	86.71
22	396846257126	116.42
22	48155540064	209.99
22	446345580586	105.65
22	48131806235	243.25
22	49513292418	86.58
22	445342214987	110.63
22	441729379241	122.85
22	392568447166	125.19
22	444413719348	125.11
22	48611491144	228.77
22	48480660122	177.52
22	48508714528	184.68
22	445906414559	94.35
22	48638351869	220.60
22	33614443854	30.94
22	391581345462	111.70
22	48638172046	195.10
22	48672553168	153.31
22	48567447134	205.28
22	48372317593	210.36
22	442956740525	115.31
23	445365677873	129.65
23	48299380610	153.66
23	48432723840	154.63
23	48377823434	206.96
23	48583882490	162.79
23	48455449982	213.55
23	48531397161	215.22
23	392238755247	66.47
23	49235728273	81.19
23	48538322161	208.34
23	441475106635	119.23
23	48172120743	211.16
23	49211377249	81.31
23	48435249294	207.43
23	441959281007	77.81
23	441243390026	109.69
23	442801334657	111.98
23	33410559885	29.94
23	48564570549	240.95
23	49226158421	86.69
23	446603792424	124.48
23	48189349219	204.90
23	443358291631	88.28
23	446561462326	105.20
23	443997820587	112.69
23	33346031504	28.45
23	446287884603	123.00
23	33670175641	29.14
23	49239462514	81.46
23	446587481735	89.27
23	442628285040	105.32
23	441844978817	92.86
23	48570392546	183.63
23	441942267170	93.85
23	33614851520	31.66
23	48244307329	192.30
23	48177290069	227.84
23	33210223884	28.79
23	48515840628	153.63
23	48370342028	124.16
23	444872713226	79.99
23	48252274715	212.56
23	391985041850	132.39
23	443729198888	116.98
23	48489500914	181.91
23	48145833564	205.43
23	48132224865	189.53
23	48622085874	204.02
23	48135871490	189.24
23	446146448270	85.96
23	33697843730	28.23
23	48625161286	258.19
23	48601704819	190.61
23	49444085561	81.70
23	48361968500	251.30
23	442278564360	113.39
23	446326388854	77.76
23	48219635262	204.71
23	442245724149	88.44
23	33308935135	28.74
23	442464379696	115.87
23	48395947088	184.68
23	49648616198	86.62
23	392678900700	87.04
23	391696483450	132.80
23	445792212674	96.12
23	49564638644	95.21
23	395342214028	121.66
23	49436706188	84.90
23	33139782991	32.78
23	49483728143	93.55
23	49207920368	91.10
23	442971470782	105.43
23	394582052303	169.02
23	441786201344	81.79
23	49581612699	85.85
23	441630234636	96.94
23	395127006778	148.30
23	444040798638	115.72
23	48471149853	249.02
23	49240154041	90.80
24	48194827306	165.13
24	444876208006	124.99
24	442549987702	91.38
24	48609420472	176.37
24	445352877529	105.87
24	49696859118	77.79
24	442766105452	90.90
24	48395477284	197.29
24	48386769780	217.39
24	393232221815	72.57
24	48397399035	199.67
24	444580005332	101.46
24	444790988831	116.40
24	48439863981	223.23
24	49207980589	79.57
24	48505785319	202.45
24	395742986592	125.21
24	392515345042	125.53
24	48533506877	260.05
24	446939321294	98.51
24	48576356442	206.66
24	444366177866	121.14
24	48402219023	191.33
24	395147756267	118.57
24	48614402488	181.46
24	392870935774	137.18
24	33415982250	29.66
24	48384157643	212.27
24	445663527658	93.01
24	443939347444	119.71
24	49461630750	89.13
24	441474438915	110.60
24	49112222680	91.97
24	445544127118	106.07
24	445332774896	112.64
24	444589281398	103.77
24	442651891421	96.52
24	48604113191	200.74
24	48201445564	201.50
24	442941533215	122.02
24	446097067746	88.68
24	48691173117	212.21
24	48457633551	225.75
24	444380785261	88.33
24	48324518690	158.11
24	446859144426	94.21
24	391971049765	108.03
24	48594157127	210.78
24	48485504511	200.45
24	48308935532	178.34
24	49577321628	91.93
24	444228489389	116.89
24	49635067427	88.28
24	49118728588	88.97
24	391569014808	104.06
24	49601576642	78.82
24	48578052723	220.12
24	396854037353	149.85
24	48477900999	247.69
24	395916614873	155.38
24	48117852719	151.81
24	33624492417	30.58
24	49650644004	86.92
24	48234232901	212.62
24	33260280914	31.52
24	445379476044	137.28
24	443195193380	78.67
24	443433288730	121.79
24	445188331905	92.52
24	48121673188	176.19
24	49369684514	82.22
24	48574547029	197.43
24	33236900223	29.86
24	49688308147	83.02
24	443354581400	99.77
24	48312011083	221.14
24	33602538577	28.82
24	49257909285	87.62
24	48396061402	185.13
24	443349064395	109.48
24	48573191184	174.82
24	48614871580	219.97
24	444746458968	124.91
24	49695253180	93.94
24	48596816849	192.24
24	33530560526	30.19
24	446695992845	78.93
24	441715454148	119.35
24	49328615712	81.50
24	442803178029	99.04
24	49323897877	89.07
24	445120190881	113.41
24	48380793071	190.82
24	443074788266	95.15
24	443797131643	103.26
24	48477872628	173.22
24	49110863103	86.97
24	446177938602	114.28
24	442067263950	78.94
24	49656887221	82.78
24	444767319549	104.82
24	49277025504	85.13
24	48562215305	199.59
24	443407689530	101.56
24	446162235386	103.83
24	48280344556	219.19
24	48666722856	194.80
24	49274337546	84.81
24	49454541351	86.99
24	49547333678	76.54
24	48669441906	215.49
24	445002952013	107.30
24	48632765103	207.95
24	442836134499	90.66
24	445227972097	114.59
24	49449394903	90.12
24	392155610168	140.49
24	49600053720	80.71
24	48430111409	238.12
24	444682937920	108.59
24	48266205283	200.88
24	48193706765	218.60
24	49240346215	85.95
24	48269338180	229.44
24	48365327533	201.07
24	444729891211	119.75
24	391823181696	100.26
24	48116132771	216.16
24	441378939826	113.63
24	442201885810	124.13
24	444264132543	112.44
24	48433586447	203.07
24	49193133774	85.17
24	48358682097	245.65
24	48373755484	197.79
24	48323163061	201.13
24	443391224990	96.93
24	48226694930	233.75
24	48392505973	151.80
24	33314075081	31.01
24	48357954778	207.21
24	49428473755	77.75
24	49365285747	80.72
24	48202532457	221.40
24	48548726909	219.57
24	49362926161	80.19
24	49280933705	93.03
24	48116899896	212.37
24	48225832597	198.68
24	48418104574	200.37
24	49298378066	84.93
24	48312996897	214.38
24	395535086277	163.89
24	442543434333	120.69
24	48653065313	244.78
24	49679922438	79.85
24	394980529669	140.23
24	442854401318	119.69
24	48575250070	217.45
24	396027319777	132.73
24	48260825724	210.41
24	48672792089	221.39
24	49627933798	88.09
24	49403235795	94.40
24	395869539361	120.46
24	394202696445	120.76
24	443183811640	100.94
24	446582351946	112.13
24	446508538766	103.42
24	49344571461	84.87
24	446554086000	121.98
24	48535968480	150.73
25	33647379463	28.66
25	443215287507	109.18
25	442972014778	114.83
25	49521221686	91.42
25	446839959326	102.96
25	48414942145	195.48
25	33128689048	30.96
25	394726584631	136.64
25	48674475508	224.20
25	444716571300	95.84
25	49441034295	89.41
25	446289447902	100.44
25	49457029131	75.38
25	391376566511	142.68
25	33228419243	30.04
25	48277635036	183.72
25	442075371109	86.45
25	48632693549	185.77
25	48485767739	196.87
25	48369440746	168.57
25	33308819738	30.43
25	441549602237	87.56
25	442691565732	120.64
25	48181144385	215.77
25	445111000009	129.97
25	48343605763	226.47
25	33343778978	28.84
25	49652995860	86.36
25	446010055710	109.25
25	49288811320	89.21
25	48582943688	238.59
25	49529375244	85.53
25	442706786181	133.29
25	48136573894	202.73
25	48515295415	196.50
25	48209483205	244.15
25	33191392961	31.47
25	48469512944	269.91
25	443296022708	95.18
25	33146593339	28.36
25	445899595844	129.48
25	49345511750	83.71
25	396729581429	117.70
25	395337211515	140.41
25	49147604184	81.18
25	48185184531	244.61
25	48376422251	170.56
25	48675432745	246.54
25	48396938636	193.35
25	49437058111	86.87
25	48409271109	186.61
25	442415613153	119.80
25	445747724261	130.24
25	49516915341	74.24
25	393819748583	124.20
25	48141725157	217.71
25	48318484619	188.21
25	49553537902	79.13
25	441467277315	73.15
25	445834043163	95.60
25	48667332418	171.30
25	48449593565	206.96
25	33651385539	28.13
25	49660579268	80.35
25	443865017030	111.86
25	443072604088	95.22
25	444981821909	108.31
25	48422557541	252.21
25	48573468909	230.22
25	443907744117	104.05
25	442956616100	104.42
25	444053828877	102.47
25	49589933813	86.47
25	393100769891	107.76
25	49483422706	76.69
25	393931912857	109.83
25	441475058891	101.96
25	48481731000	279.64
25	49627960496	87.75
25	442127560412	103.09
25	49378849643	88.67
25	48231924986	211.85
25	49644525992	93.33
25	445566404391	101.77
25	48337206075	174.40
25	33288453714	32.28
25	444585777823	82.88
25	48628901434	205.22
25	443721377432	115.01
25	48444974198	192.92
25	48210895023	227.70
25	49187936512	84.95
25	48575695089	143.09
25	393469753014	121.70
25	49490372528	85.14
25	48545306183	227.08
25	443448183438	111.10
25	49647566271	78.03
25	33591655443	32.33
25	49588105148	81.37
25	48621786968	204.32
25	443992235606	109.70
25	395788326719	94.56
25	48422112848	197.40
25	49409597841	89.29
25	48624006520	160.46
25	48482526673	182.19
25	48269300714	266.99
25	391688026734	111.87
25	48520893163	200.75
25	48515367568	246.06
25	446423874682	117.28
25	442785369161	128.45
25	393271518134	141.65
25	49606396998	79.35
25	394534477860	125.18
25	48237123474	201.26
25	49300800655	84.65
25	33334391394	30.29
25	442070546422	102.56
25	48349195593	178.23
25	48612688428	210.43
25	48659799718	222.75
25	48521078574	229.27
25	49528203885	87.77
25	33383673676	32.49
25	49495568328	90.66
25	48486881654	202.85
25	33311521702	30.32
25	443026899213	121.67
26	48518078699	183.44
26	48681235108	166.79
26	48250286062	234.08
26	48422028427	222.00
26	48623592446	194.96
26	48230653053	240.58
26	33286233388	27.85
26	49176227943	83.44
26	48367919283	153.35
26	444694033922	137.61
26	49398660663	83.53
26	33395596113	30.79
26	443261907572	133.89
26	48543079143	165.22
26	33288043752	33.17
26	445357210283	112.96
26	395888031778	111.60
26	48564337218	200.54
26	441958064608	107.31
26	48115584938	269.97
26	443144963055	147.75
26	33172091613	31.15
26	444960047850	126.74
26	444943516128	72.68
26	48585517617	253.08
26	48407119688	234.79
26	48541090091	193.83
26	48231765587	241.59
26	48281900104	157.87
26	444995361288	113.79
26	445716097754	104.67
26	48501519544	246.31
26	48300793680	225.26
26	48659734926	190.06
26	48696284406	186.57
26	441200880995	110.33
26	444530210077	104.24
26	441888745523	93.63
26	49188641151	80.08
26	48387997630	199.83
26	48126039435	171.93
26	49223834572	77.20
26	446127124382	78.96
26	49430050204	89.36
26	394206300891	118.37
26	48340875671	194.24
26	48209091178	199.90
26	48211996580	176.72
26	446409652354	129.54
26	392001289953	122.40
26	33584509188	30.95
26	445855686215	74.10
26	446611993789	118.97
26	445569853548	119.38
26	49402127007	76.38
26	48558144772	206.15
26	48141630259	206.21
26	445863797404	119.51
26	48521916365	269.32
26	48190673373	225.24
26	33266337882	29.27
26	33345079371	32.38
26	49356809071	79.65
26	444116105735	120.18
26	48379459552	209.09
26	444768022735	112.01
26	441498434363	114.05
26	442652554723	107.84
26	48399274373	179.59
26	49651877043	86.19
26	441168814763	88.18
26	48566379662	241.94
26	446656774816	101.73
26	48606333747	236.44
26	49230583275	88.15
26	48327289344	246.25
26	49145420923	84.91
26	49136665060	82.75
26	33625367681	29.20
26	48217327854	224.35
26	394205044410	114.19
26	445476718005	107.39
26	49274085507	79.12
26	48568792925	164.92
26	49673874624	88.35
26	33571333625	32.83
26	48677119941	195.79
26	392898962768	121.08
26	48435300281	207.91
27	48390254280	221.55
27	49495320983	81.03
27	33673020641	31.81
27	442844822398	152.10
27	48155347440	183.50
27	48668360261	238.49
27	395809990077	119.99
27	48139008149	203.75
27	48233894998	153.46
27	49422348229	96.79
27	48410953075	201.26
27	48678045648	207.83
27	33300367460	30.04
27	442000574101	101.50
27	49478003103	81.69
27	48135486791	206.94
27	441458187512	121.56
27	48473482412	272.62
27	396914450936	138.35
27	49371237251	94.47
27	48573795792	227.64
27	49413983029	90.00
27	394062745830	132.75
27	48448455861	232.68
27	48460770829	207.02
27	446744016010	97.90
27	49146758848	91.26
27	48365843792	203.04
27	444759704373	122.57
27	395433888761	117.45
27	444883056770	116.65
27	441662080553	119.13
27	48402308935	260.53
27	48329455192	164.95
27	48408480393	249.15
27	49206115937	89.77
27	48413744198	244.63
27	443258589658	82.90
27	33274916429	30.43
27	446107893678	141.69
27	441954400778	111.15
27	48229256357	257.07
27	48390260741	196.32
27	48169130403	187.71
27	48183481267	234.03
27	48424482339	161.57
27	48475025579	214.34
27	48576393390	223.84
27	49237962121	80.24
27	48581088164	233.23
27	442831575010	119.10
27	444530408766	132.23
27	48506691538	210.17
27	442419743940	122.74
27	49353798313	81.73
27	443797225244	129.77
27	48540450264	230.65
27	48696591961	221.60
27	446968745227	104.85
27	48136801562	199.82
27	48442370057	237.26
27	48211667175	197.81
27	48196335526	207.59
27	48145887518	203.01
27	48416436278	187.38
27	48458504177	224.58
27	48601376468	224.11
27	49212014945	79.75
27	48654031564	171.02
27	393815777351	108.48
27	48164233227	214.15
27	393445037892	147.46
27	49616359832	77.58
27	48335098288	255.11
27	445315610828	132.63
27	49487268451	81.92
27	48232662027	172.26
27	48286764368	198.11
27	445849844088	92.65
27	446838383463	123.16
27	48551911613	198.90
27	395711425861	107.91
27	48410841705	176.30
27	391844613621	109.70
27	442009312171	131.24
27	48524571915	232.07
27	48559640512	194.82
27	48627388396	188.20
27	48333869363	205.71
27	392040441217	101.43
27	48427932013	236.74
27	48138236046	238.83
27	446388150878	79.78
27	48274396091	232.64
28	49591987851	85.39
28	48311192499	245.44
28	441983658728	94.46
28	446080575737	120.81
28	49601857658	90.72
28	443780025953	108.22
28	48576319049	203.37
28	446794092369	114.45
28	48434830670	196.27
28	49312054550	90.54
28	48488529688	203.36
28	48368792412	181.89
28	446931591508	94.73
28	48368385289	216.35
28	445544587006	95.76
28	48350638069	179.73
28	49493820644	86.13
28	49336310489	83.07
28	33317377542	27.43
28	48559549804	218.93
28	48218996682	213.92
28	48459726706	243.91
28	445372378209	129.42
28	391524877881	143.02
28	48401441126	202.74
28	49622283340	92.34
28	443633557306	129.89
28	442840868266	142.10
28	48564384777	253.04
28	442434001512	108.82
28	49301217525	88.12
28	443096686076	130.66
28	48176695029	200.50
28	49130676621	86.50
28	48125472378	175.48
28	442771209545	114.80
28	33542037569	29.42
28	49615659988	93.56
28	446402643455	108.20
28	442064480467	121.57
28	444227939478	109.48
28	48341357181	241.79
28	48505230789	203.30
28	49276993185	90.54
28	33372139674	31.94
28	444333888036	102.54
28	48625133723	176.33
28	33555856578	29.56
28	444245328280	119.42
28	49127606992	83.60
28	48444064823	166.66
28	49478139813	88.01
28	33158521699	29.39
28	48535101407	220.01
28	48648016334	189.85
28	48413778545	214.82
29	48584644534	198.28
29	48296920953	204.55
29	446390223430	141.78
29	48679480147	162.71
29	48382527743	156.91
29	443140652022	114.68
29	395511908263	118.16
29	48609696760	212.44
29	48489506259	193.20
29	49695948464	81.71
29	49516334601	78.48
29	48391074196	140.63
29	49318132751	84.99
29	48168364855	217.51
29	49329359743	78.67
29	441677112901	117.92
29	48400524519	188.89
29	48578950859	154.75
29	48372726870	217.23
29	49644115148	88.25
29	444499432780	140.21
29	48458475443	183.11
29	49222265179	89.98
29	445835609437	145.94
29	442622971294	112.27
29	33576940048	27.18
29	446864861859	117.25
29	49268586010	93.98
29	49187160017	74.29
29	48617153854	174.48
29	33169853310	29.58
29	49650651826	87.22
29	441674283074	110.43
29	49190060406	87.59
29	393683640604	156.72
29	48288374258	148.16
29	48247292251	243.88
29	391770180209	132.45
29	445250027245	123.31
29	48609850170	217.46
29	49285843472	91.92
29	48573530850	196.67
29	442531853742	125.04
29	48509595560	240.91
29	49436641125	95.05
29	48682904032	248.59
29	48478459705	175.17
29	48298601370	147.86
29	48174965268	252.40
29	49232917298	88.71
29	48192397591	278.52
29	48423560356	204.01
29	391730198617	125.23
29	33625413941	30.02
29	48485207171	278.00
29	49189556774	78.82
29	444850070653	119.22
30	442634091951	94.79
30	442816893429	125.05
30	446446730063	105.92
30	48510267677	167.14
30	442292199656	154.79
30	446863590002	105.01
30	443919278840	124.46
30	395637089069	119.66
30	33191089344	29.31
30	48621522226	185.71
30	48172375926	146.20
30	48414078980	215.20
30	48655560427	277.74
30	49670842842	84.34
30	48686770314	156.90
30	48172250556	207.67
30	444309621939	95.18
30	442833295131	118.56
30	443640325008	116.21
30	49411147725	80.87
30	48302819776	190.05
30	446874008704	105.85
30	49619866136	82.52
30	49164966074	86.41
30	48459608364	219.22
30	49256918017	83.09
30	48596855118	179.00
30	445526437946	113.07
30	33651793727	28.07
30	49528016468	92.15
30	48285293600	173.64
30	441302639187	121.08
30	48487031075	137.06
30	49291692977	81.95
30	392684458408	89.43
30	33394434038	32.09
30	443146005210	104.45
30	33411238934	27.97
30	48526804335	223.13
30	48655954784	170.10
30	48287580789	190.56
30	48511204177	200.82
30	49235796171	93.64
30	48375634745	263.14
30	48412972258	229.57
30	33430668485	30.89
30	444938507420	149.71
30	48260516093	232.33
30	48251232313	220.61
30	49471560899	86.49
30	48179565317	187.16
30	48640119024	185.48
30	441159255968	85.88
30	48521639434	221.06
30	442855821414	119.05
30	48200089596	259.45
30	444978134273	100.91
30	442167582792	132.88
30	441186710752	119.88
30	49248363938	81.11
30	443752465745	113.30
30	391272300623	104.85
30	443435585055	124.37
30	48395758979	209.28
30	392646713234	96.77
30	48364573324	203.24
30	48183996814	186.04
30	446062358489	99.66
30	443730997428	91.29
30	48112484430	208.57
30	443184165102	122.46
30	49505158004	87.40
30	49193389463	80.15
30	48640372764	266.71
30	33538288990	28.44
30	48147157572	207.82
30	48340914526	251.61
30	442451203166	112.95
30	48385781577	184.81
30	394837939823	149.59
30	48576154845	182.98
30	48441039973	195.31
30	445495951104	129.67
30	48161008140	194.89
30	48114236764	237.55
30	441613262472	115.61
30	48353896451	186.77
30	33486066440	30.48
30	48230844160	247.04
30	48426373536	222.32
30	446572736066	115.61
30	33474927971	27.99
30	48527328445	232.53
30	48130289560	189.69
30	48652021952	129.03
30	48582626243	250.26
30	33396770440	30.44
30	33658704660	29.69
30	49541634540	89.73
30	445815652804	131.09
30	48539990471	199.38
30	48415664794	211.77
30	48517120860	230.02
30	48123092817	198.45
30	48155143393	157.26
30	33165139683	30.59
30	48243953812	215.65
30	33168550765	27.15
30	48693313052	189.80
30	48395272171	223.68
30	444096298033	107.22
30	48648524551	260.63
30	49363929689	90.31
30	48347712973	195.41
30	48461428655	186.05
30	48508244317	150.82
30	48123559935	234.97
30	48650629240	178.39
30	48139639541	246.99
30	49408722918	85.59
30	49441160657	83.42
30	49586690355	82.30
30	443067459095	130.34
30	33369324996	29.31
30	48543961017	222.23
30	48674282622	229.77
30	33696307453	33.90
30	48123398508	193.84
30	48623266329	191.67
30	48526970535	256.64
30	33341699511	32.65
30	48582793218	198.26
30	48442337084	223.40
30	48648568655	156.76
30	49284024760	80.07
30	443565464216	117.14
30	445469944190	128.52
30	48459388443	131.09
30	49244019260	87.29
30	33261642344	27.12
30	48331648378	192.92
30	441211050049	112.72
30	443237691350	99.75
30	48372589083	235.62
30	446899506989	83.83
30	48157742876	147.65
30	444976179326	99.16
30	49398561461	84.78
30	49497052539	91.51
30	48664979850	248.46
30	446705196410	122.71
30	442003758144	84.52
30	392190905948	116.54
30	443074705441	88.34
30	49492632315	86.80
30	395893115542	143.89
30	48531427304	240.96
30	48407350510	263.29
30	48553649296	249.22
30	49223413534	91.28
30	444899117887	102.95
30	49124110036	93.59
30	48185103432	210.69
30	49414408025	82.30
30	446811702413	122.29
30	48513109671	220.67
30	48631619310	193.49
30	33231040881	28.01
30	49189152984	90.07
30	392948077833	131.51
30	48507625377	184.33
30	443772812532	100.93
30	48310406004	241.19
30	33197509845	29.09
30	33460732927	30.78
30	48216194424	185.86
30	444985735487	92.01
31	442886158044	128.92
31	49577618750	77.09
31	48439394812	221.72
31	49529262303	86.70
31	48346920358	258.18
31	442003070319	105.65
31	48447858668	187.00
31	33208131344	29.03
31	48557253435	163.72
31	48351806206	218.25
31	49479433077	90.97
31	446973719765	115.85
31	446338679575	108.34
31	33649811401	30.01
31	48505965833	146.01
31	49390721438	84.05
31	441876578029	112.62
31	48421291805	192.46
31	396811695446	95.73
31	49219095003	80.40
31	33315420311	30.33
31	446615501907	110.03
31	48110079497	160.58
31	48196869683	199.31
31	443866063133	117.61
31	49352066154	89.37
31	445060286017	102.27
31	49698784365	88.79
31	444997163490	80.86
31	48648543463	217.91
31	49491830182	81.41
31	48342853294	262.85
31	49459822578	86.51
31	33241875373	26.66
31	49494023997	85.02
31	48361512731	231.34
31	395363386642	116.70
31	48678787605	190.75
31	48421673951	196.04
31	49131128692	86.38
31	48329763856	186.06
31	48497325311	117.12
31	445448660921	134.33
31	396536849338	124.99
31	48437620143	202.93
31	48591381711	217.58
31	445613398003	108.21
31	48118888197	139.41
31	445229143440	145.24
31	441542242072	100.55
31	48532405277	233.99
31	48446917349	194.80
31	392031805543	111.89
31	49339430350	83.53
31	392943139683	144.87
31	444867705993	105.47
31	443729181780	105.68
31	48211979996	183.69
31	49687260200	77.43
31	48424778836	196.19
31	48327608830	182.06
31	48167631062	209.68
31	444453404218	109.37
31	442577063861	91.87
31	48199146924	215.57
31	444632341277	113.81
31	48615701443	221.34
31	444325769742	118.66
31	49183047205	83.23
31	445411009134	99.48
31	443760822964	88.84
31	48594771915	146.61
31	49282068885	83.57
31	49206179832	79.31
31	33256545635	28.70
31	48343856141	196.28
31	48251762555	202.83
31	49681567720	84.12
31	48547975413	220.47
31	48598205481	171.52
31	391880321446	137.05
31	443122698857	102.71
31	48151843942	186.87
31	48239256034	269.60
31	48393779945	183.40
31	48170389964	222.27
31	49391044023	84.42
31	444102883293	105.55
31	48569490805	240.80
31	396464759746	117.32
31	49687080511	74.83
31	442257608884	99.28
31	48206808481	251.32
31	445744240589	110.97
31	446923225650	94.35
31	48384455405	207.74
31	443593427123	87.25
31	443020895229	97.13
31	442147974601	98.88
31	442247820384	137.38
31	442540989146	90.30
31	33212873866	29.67
31	392610293195	119.01
31	48612950103	224.86
31	446222025136	92.54
31	443514209576	103.84
31	48510408712	206.72
31	49201830371	86.70
31	442218636327	102.43
31	444599230267	98.15
31	49457151960	76.66
31	48686479950	197.87
31	49621005850	92.29
31	442527564916	120.84
31	49425405225	85.85
31	48602297941	273.53
31	33630707464	28.69
31	48256060460	199.22
31	49166574259	84.61
31	33363887919	30.16
31	442962157511	106.00
31	48401147746	166.59
31	33261387795	29.52
31	392856306295	134.79
31	443045705955	100.20
31	48355579389	199.92
31	48626571332	182.77
31	445128673299	95.93
31	49381655707	76.22
31	49468639402	97.91
31	49290686173	89.06
31	48410098445	219.72
31	49448306633	79.47
31	49358174905	81.94
31	444163015381	83.43
31	444581920642	118.19
31	33333232108	31.12
31	49576500044	85.49
31	395151526444	121.01
31	446271718936	127.64
31	48655781401	169.76
31	442743638045	106.72
31	48126651754	255.40
31	48374466544	178.77
31	48674393434	215.26
31	48499350466	220.16
31	443870805192	94.05
31	441277406386	114.51
31	49124894562	82.33
31	442144997151	114.14
31	442200889264	124.34
31	48287844082	170.35
31	442080296950	134.11
31	48663293161	213.00
31	443427934124	110.28
31	48281311807	181.11
31	445734525269	100.38
31	49477715331	86.99
31	48595146369	201.36
31	393957858801	118.46
31	48216438140	164.11
31	392495696582	106.65
31	48324716482	250.01
31	48599088112	242.99
31	48178487653	177.70
31	48293087846	183.07
31	395446955942	124.91
31	446409808247	119.84
31	33124811602	30.69
31	446985717957	119.42
31	441119863276	114.85
31	48336594667	200.19
31	48449250627	210.42
31	49563704555	88.42
31	48571659521	198.03
31	48648249996	207.44
31	49668671460	85.44
31	49514464828	81.24
31	48133828645	160.22
31	48291399333	211.80
31	49695248638	86.06
31	48672083489	202.82
31	48145358484	202.05
31	49459413641	92.80
31	48193652247	142.13
31	48228300131	184.49
31	441757079958	90.50
31	48113234507	195.24
31	49554848665	85.61
31	48614306849	128.93
31	49121024650	87.09
31	48133501193	216.89
31	446440568336	124.31
31	393597116436	112.05
31	48441932582	290.49
31	48465095558	159.53
